0.0097801
0.0246988
0.00211687
0.00464793
0.00656899
0.0492314
0.00670428
0.00383012
0.105734
0.0346006
0.0204081
0.0550055
0.485063
0.026136
0.00950219
0.151135
0.103264
0.0314283
0.222923
0.00578629
0.0401863
0.276703
0.0298649
0.0100891
0.0857864
0.959768
0.0512646
0.0775592
0.00994558
0.0192684
0.992898
0.954654
0.984962
0.954654
0.00588115
0.954654
0.984962
0.954654
0.00588115
0.982312
0.992898
0.00781563
0.982312
0.00581365
0.00781563
0.992898
0.246893
0.237865
0.0224738
0.476393
0.246893
0.237865
0.0224738
0.476393
0.0339681
0.100359
0.905098
0.0348371
0.060361
0.227157
0.284447
0.843279
0.992898
0.97358
0.982648
0.0802881
0.284447
0.239011
0.264375
0.843279
0.640802
0.825339
0.97358
0.982648
0.947859
0.0018747
0.00399881
0.00510917
0.686132
0.0018747
0.040252
0.0619064
0.00275527
0.992898
0.0524335
0.00357264
0.040252
0.0032641
0.0619064
0.00275527
0.0746833
0.215824
0.0219093
0.0904738
0.215824
0.0460113
0.526365
0.0637803
0.0460113
0.0303169
0.0168718
0.992898
0.025093
0.0303169
0.0168718
0.0121932
0.04731
0.0405524
0.0126627
0.0159406
0.0144655
0.301116
0.0540706
0.0953624
0.0264676
0.013396
0.0167477
0.156729
0.453454
0.0423677
0.0720952
0.992898
0.911491
0.0143469
0.0090966
0.0720952
0.0874462
0.0441515
0.00819529
0.911491
0.0143469
0.0090966
0.0109364
0.00798885
0.0333712
0.963863
0.992898
0.992898
0.850496
0.151995
0.963863
0.963863
0.530915
0.4252
0.992898
0.850496
0.151995
0.850496
0.151995
0.224225
0.31282
0.0315802
0.0370526
0.20927
0.960085
0.0160925
0.0280192
0.186368
0.133532
0.120348
0.114607
0.0239323
0.0564459
0.0277614
0.196477
0.0237369
0.00615602
0.444978
0.00803852
0.4023
0.00987971
0.0540412
0.0178725
0.0528421
0.0135519
0.235903
0.0136719
0.0159843
0.990248
0.0145269
0.0278916
0.0128792
0.0159726
0.0154765
0.00580596
0.43072
0.400456
0.217666
0.0270671
0.179918
0.0397733
0.0310863
0.0197243
0.0133509
0.00775363
0.437531
0.437531
0.0589497
0.992898
0.396285
0.992898
0.131575
0.437531
0.197747
0.131575
0.437531
0.197747
0.0589497
0.029472
0.396285
0.00812531
0.829601
0.448168
0.137398
0.00430602
0.00991346
0.0128404
0.0204115
0.362667
0.88036
0.0667056
0.00984248
0.0948721
0.0144771
0.0183915
0.103308
0.103308
0.103308
0.42497
0.148473
0.992898
0.992898
0.79655
0.985175
0.992898
0.79655
0.985175
0.79655
0.985175
0.893799
0.120224
0.0285766
0.0715113
0.0700454
0.103272
0.0231997
0.0260116
0.0941379
0.00696969
0.258115
0.0369024
0.0720626
0.0293764
0.430969
0.0187625
0.822085
0.176569
0.0557376
0.992898
0.991635
0.0240096
0.0237007
0.822085
0.870069
0.270976
0.176569
0.268555
0.0557376
0.100248
0.991635
0.12708
0.267568
0.849668
0.979221
0.979221
0.480374
0.0340368
0.0681031
0.0681031
0.0985777
0.168684
0.168684
0.734571
0.734571
0.992898
0.0682537
0.992898
0.0299842
0.0512791
0.0946046
0.0682537
0.454327
0.0541122
0.0532399
0.0299842
0.0512791
0.0946046
0.0626576
0.115397
0.403484
0.042009
0.042009
0.122149
0.042009
0.210958
0.992898
0.0191742
0.992898
0.0262847
0.0191742
0.992898
0.0262847
0.0191742
0.969204
0.0262847
0.458115
0.474924
0.988147
0.226429
0.107848
0.721603
0.395613
0.234715
0.105928
0.411441
0.687585
0.124754
0.19345
0.104572
0.0241061
0.0237031
0.0339411
0.0520946
0.0341689
0.699968
0.0820934
0.011157
0.0174609
0.0387486
0.1366
0.0516617
0.0419046
0.0157866
0.0554796
0.0208552
0.00852629
0.0170727
0.102593
0.0187486
0.0839531
0.0206204
0.0212337
0.0195056
0.0533592
0.0600948
0.988803
0.843543
0.0739334
0.0614496
0.864477
0.00749929
0.0818006
0.96281
0.0874315
0.0216901
0.0134523
0.00678249
0.029842
0.0178841
0.0727315
0.18782
0.823498
0.0723544
0.0190491
0.0597006
0.266382
0.266382
0.183285
0.266382
0.17808
0.992898
0.94802
0.992898
0.744059
0.94802
0.992898
0.744059
0.94802
0.981115
0.744059
0.0518862
0.989071
0.216461
0.781396
0.0160051
0.0377878
0.0661982
0.0458184
0.240747
0.229273
0.892054
0.0109302
0.153312
0.0494826
0.0140073
0.927813
0.172076
0.0453404
0.953871
0.979221
0.124335
0.0355357
0.970401
0.982648
0.189957
0.131596
0.112895
0.0295815
0.0283192
0.986447
0.012182
0.0843282
0.432679
0.0164142
0.067657
0.0241934
0.0224448
0.361631
0.0929043
0.0560664
0.00566435
0.0513206
0.0513222
0.0671855
0.0511454
0.0822767
0.0382173
0.0135682
0.025235
0.0100069
0.00506627
0.0156707
0.0630905
0.0971713
0.455802
0.0560341
0.992898
0.992898
0.134376
0.0316117
0.0560341
0.0560341
0.0332481
0.204103
0.992898
0.134376
0.0316117
0.134376
0.0316117
0.0104366
0.0355131
0.00972383
0.00993917
0.546373
0.0223703
0.719972
0.0117025
0.0226315
0.00978553
0.0177515
0.03305
0.00988122
0.0279348
0.0514658
0.0160211
0.0775458
0.145288
0.0175646
0.00331986
0.0140196
0.118886
0.00897997
0.00868222
0.324965
0.0202606
0.014024
0.0413908
0.0619064
0.0032641
0.00275527
0.162054
0.0798838
0.0163185
0.0253097
0.0214858
0.140476
0.1236
0.0246513
0.0321548
0.0247894
0.220772
0.0251534
0.0163066
0.0202425
0.0151609
0.466834
0.0110642
0.00366393
0.0032334
0.00557113
0.187368
0.0195016
0.00891705
0.0403256
0.144078
0.0304345
0.896279
0.0178194
0.171113
0.0295492
0.992898
0.992898
0.141802
0.976583
0.115927
0.992898
0.141802
0.976583
0.115927
0.141802
0.976583
0.115927
0.138769
0.02419
0.09102
0.00581899
0.0167561
0.0167561
0.0167561
0.0173002
0.164227
0.164227
0.164227
0.00590063
0.992898
0.992898
0.0173682
0.992898
0.0173682
0.0173682
0.0088477
0.00177528
0.0759173
0.0759173
0.0268668
0.00149095
0.00600521
0.00600521
0.0114026
0.0144188
0.0144188
0.00660204
0.992898
0.220219
0.220219
0.010469
0.96873
0.0954213
0.010469
0.0954213
0.00830067
0.00356309
0.992898
0.00356309
0.105564
0.00830067
0.105564
0.00356309
0.992898
0.00356309
0.992898
0.890065
0.529667
0.988113
0.963436
0.890065
0.529667
0.988113
0.963436
0.652888
0.850357
0.946024
0.455652
0.896279
0.949992
0.127392
0.0143927
0.028624
0.0295083
0.0529426
0.0194652
0.240774
0.117231
0.0948244
0.0118712
0.279359
0.490894
0.0602957
0.0515041
0.8701
0.031897
0.152963
0.179512
0.0342543
0.1747
0.0422023
0.00921304
0.0213883
0.0088543
0.0144154
0.00824695
0.0138634
0.0080605
0.993654
0.0086995
0.00518768
0.00178177
0.0228793
0.0721346
0.0336012
0.233294
0.00858004
0.00911945
0.0333337
0.00885211
0.00925494
0.00907066
0.0626741
0.019315
0.0285745
0.992898
0.992898
0.992898
0.992898
0.992898
0.992898
0.992898
0.992898
0.992898
0.992898
0.992898
0.992898
0.992898
0.992898
0.992898
0.906683
0.280064
0.912045
0.600277
0.619919
0.475302
0.804059
0.332924
0.476133
0.841803
0.242933
0.371113
0.602538
0.880825
0.920601
0.4709
0.992898
0.0502683
0.916342
0.0654654
0.4709
0.0304493
0.513471
0.026781
0.0502683
0.916342
0.0654654
0.0425553
0.0335564
0.049259
0.0209728
0.990041
0.0282323
0.992898
0.249785
0.0228457
0.0858221
0.0209728
0.060717
0.0415156
0.990041
0.273659
0.0282323
0.040879
0.249785
0.298425
0.439604
0.55402
0.761751
0.55402
0.0474324
0.757822
0.867205
0.757822
0.0873269
0.137805
0.0873269
0.984575
0.992898
0.984575
0.0455984
0.0991619
0.0363518
0.451666
0.019946
0.0515755
0.00359847
0.0118403
0.0299514
0.0250249
0.0706884
0.0175979
0.0656005
0.00437883
0.00440877
0.0419623
0.00153231
0.0189324
0.66965
0.0126702
0.0257843
0.195529
0.106236
0.098596
0.0134945
0.00604015
0.00301223
0.0770086
0.0172394
0.0247469
0.992898
0.818805
0.952346
0.992898
0.952346
0.818805
0.952346
0.992898
0.952346
0.890389
0.818805
0.890389
0.952346
0.992898
0.952346
0.0174676
0.0353998
0.0331436
0.0112381
0.00974157
0.6367
0.849641
0.0113148
0.0128832
0.706351
0.00855664
0.0147575
0.0183395
0.0115632
0.00290191
0.0294711
0.0225518
0.992898
0.0131366
0.588962
0.00625612
0.0294711
0.00782076
0.0223802
0.0225518
0.0162024
0.114536
0.0131366
0.588962
0.0249299
0.257568
0.992898
0.0476057
0.618419
0.257568
0.0858777
0.109301
0.0476057
0.618419
0.614149
0.992898
0.0998479
0.971155
0.992898
0.987862
0.0998479
0.971155
0.992898
0.987862
0.174728
0.0998479
0.189813
0.971155
0.974183
0.987862
0.0707728
0.0176419
0.00522863
0.705287
0.00712453
0.175607
0.0102847
0.343602
0.0196869
0.0417942
0.0475621
0.0444355
0.0127662
0.404913
0.0303871
0.010087
0.0371811
0.0141686
0.0316544
0.103401
0.0356297
0.0151233
0.0766173
0.0871913
0.0173564
0.0360797
0.925249
0.205473
0.0287981
0.0803129
0.00485967
0.0178375
0.73042
0.457294
0.00398761
0.0329814
0.00538974
0.0182356
0.239519
0.0335847
0.0126701
0.110092
0.386207
0.00608277
0.0255934
0.452987
0.0250593
0.108862
0.452987
0.509857
0.0916851
0.30207
0.992898
0.965165
0.116523
0.0916851
0.2232
0.30207
0.209977
0.965165
0.350733
0.0192872
0.162141
0.0494539
0.0509948
0.0162554
0.109123
0.0592392
0.0399135
0.0953296
0.0987089
0.0444653
0.0781
0.961807
0.0722209
0.0705623
0.985423
0.776886
0.992898
0.882078
0.0968864
0.140377
0.0705623
0.0527711
0.896279
0.985423
0.781925
0.776886
0.135999
0.882078
0.0450484
0.0380639
0.0334186
0.00354754
0.0146449
0.0496135
0.155975
0.0787835
0.0427553
0.0290968
0.0178782
0.00356636
0.0394115
0.00964981
0.0400152
0.00493734
0.0135862
0.0286855
0.0179673
0.00700316
0.217595
0.03749
0.0235507
0.152082
0.129009
0.0694423
0.084471
0.189409
0.0496272
0.0818802
0.52977
0.349641
0.660032
0.52977
0.225038
0.73698
0.606826
0.992898
0.0250928
0.943135
0.73698
0.0220377
0.606826
0.0542014
0.0250928
0.0372663
0.224198
0.161445
0.0567581
0.090368
0.0293824
0.150958
0.0759542
0.031421
0.247817
0.0378421
0.0389793
0.749689
0.389798
0.0531044
0.0108801
0.0645419
0.0117826
0.737329
0.00140234
0.563433
0.0839225
0.0358305
0.029725
0.130239
0.272509
0.0191327
0.0497692
0.0132022
0.00239965
0.0534445
0.0570126
0.0534445
0.0187107
0.0534445
0.392511
0.992898
0.0644743
0.992898
0.392511
0.227088
0.392511
0.0644743
0.992898
0.0644743
0.0167655
0.0341646
0.00958147
0.00256537
0.0643853
0.0381725
0.000809874
0.000854666
0.00887844
0.00611912
0.0224766
0.0236268
0.0630905
0.0100069
0.00506627
0.00630167
0.0108044
0.00984714
0.0384989
0.00244559
0.00460404
0.00366978
0.0134286
0.102954
0.00562308
0.0180926
0.0106319
0.00692835
0.00439712
0.0102058
0.0297246
0.204038
0.0616226
0.0498967
0.0119805
0.0118037
0.045409
0.0586264
0.0950147
0.279871
0.0696775
0.0387256
0.0219036
0.0501384
0.097687
0.992898
0.992898
0.988387
0.988387
0.0422233
0.992898
0.988387
0.988387
0.0422233
0.988387
0.988387
0.0422233
0.992898
0.040026
0.040026
0.928907
0.0136267
0.0536022
0.0258874
0.0147949
0.0335345
0.0178321
0.128743
0.319489
0.054231
0.025965
0.0658578
0.992898
0.0170317
0.0198461
0.702427
0.025965
0.0124007
0.00807696
0.0658578
0.00824917
0.0103163
0.0170317
0.0198461
0.0138894
0.0120883
0.952985
0.0213038
0.380575
0.0244211
0.0474781
0.0147365
0.0368167
0.606831
0.00692516
0.217659
0.183414
0.0803048
0.0789137
0.275743
0.233606
0.0171696
0.0135052
0.015486
0.0552694
0.564301
0.0525253
0.019265
0.039905
0.0237507
0.384962
0.672241
0.433762
0.433762
0.0423534
0.0913173
0.368019
0.368019
0.493551
0.455906
0.455906
0.0325898
0.992898
0.307521
0.307521
0.00580141
0.0381723
0.0212429
0.0361003
0.0212429
0.0131112
0.00585028
0.00654239
0.00585028
0.948935
0.309705
0.948935
0.273439
0.992898
0.273439
0.0708442
0.0201118
0.00663518
0.041899
0.626726
0.0138003
0.0104721
0.0238442
0.0577744
0.00648886
0.0371211
0.0272718
0.0520505
0.0151333
0.0200466
0.00439987
0.00272997
0.00190374
0.00123081
0.00232335
0.0497698
0.570292
0.170608
0.0150042
0.0240285
0.0208172
0.052262
0.13047
0.00803098
0.0237427
0.0690295
0.230404
0.0372897
0.0942824
0.0401324
0.551366
0.018726
0.0263557
0.105796
0.0293017
0.0604887
0.338272
0.0539531
0.0738955
0.101213
0.0319809
0.0492107
0.0727564
0.0858134
0.0449694
0.277342
0.114753
0.0575342
0.100147
0.0322598
0.0142659
0.0190439
0.0818517
0.110235
0.6677
0.0819311
0.110913
0.0162331
0.0288953
0.0819311
0.0921769
0.00855789
0.183755
0.992898
0.0381462
0.055504
0.0921769
0.00560933
0.00855789
0.183755
0.131942
0.107347
0.156285
0.296
0.128461
0.0971348
0.285828
0.547859
0.0708942
0.23193
0.318275
0.108068
0.48078
0.922552
0.173256
0.070967
0.0307698
0.103504
0.809056
0.00893745
0.0905156
0.0225055
0.0724292
0.0590932
0.0190757
0.026016
0.046086
0.0916623
0.0166246
0.00921111
0.992898
0.798621
0.798621
0.560672
0.727479
0.141817
0.950104
0.198826
0.110534
0.22342
0.0529343
0.917834
0.239375
0.0716263
0.0205753
0.31532
0.31532
0.0655158
0.23593
0.140724
0.140724
0.983249
0.0294976
0.0294976
0.408842
0.992898
0.33165
0.33165
0.0239965
0.0168169
0.0285048
0.346367
0.992898
0.984003
0.504535
0.0323428
0.0239965
0.585175
0.0256353
0.0168169
0.0266036
0.0285048
0.346367
0.474071
0.992898
0.739931
0.0367308
0.837111
0.474071
0.787445
0.0181733
0.334134
0.739931
0.0367308
0.837111
0.0220401
0.612469
0.0672287
0.770917
0.0670121
0.681434
0.464132
0.580907
0.0374816
0.985498
0.956225
0.956748
0.0289378
0.0122747
0.0227313
0.975588
0.982312
0.922429
0.990697
0.990697
0.123787
0.819204
0.121131
0.992898
0.121482
0.797382
0.103997
0.121482
0.797382
0.103997
0.0578088
0.630072
0.0929915
0.297409
0.293236
0.293236
0.0511685
0.212952
0.231938
0.231938
0.116507
0.890207
0.992898
0.0965947
0.229259
0.0965947
0.229259
0.276791
0.0122517
0.0122517
0.032946
0.0152177
0.0702204
0.992898
0.0024966
0.00404665
0.00521423
0.0024966
0.00404665
0.00521423
0.0145181
0.091743
0.0209364
0.992898
0.172979
0.987492
0.992898
0.502569
0.172979
0.987492
0.992898
0.502569
0.245926
0.172979
0.090779
0.987492
0.180766
0.502569
0.0438658
0.0153499
0.0106491
0.178198
0.131685
0.0150895
0.0140268
0.01589
0.898664
0.985394
0.0728197
0.0219615
0.0479151
0.0209934
0.0381006
0.0789134
0.0335587
0.140004
0.0789134
0.0101296
0.0187013
0.0121711
0.992898
0.0029292
0.0333712
0.0187013
0.017876
0.0121711
0.0244777
0.0029292
0.674204
0.154638
0.992898
0.122809
0.117888
0.674204
0.290991
0.154638
0.0894424
0.122809
0.00617225
0.155159
0.327579
0.0198326
0.130752
0.0171813
0.0230057
0.022992
0.0108697
0.107865
0.167466
0.0421273
0.121094
0.372724
0.182951
0.992283
0.740971
0.9557
0.761324
0.992898
0.747743
0.945607
0.740556
0.992283
0.913044
0.793609
0.740971
0.902386
0.9557
0.761324
0.11121
0.00902499
0.0387457
0.00667718
0.0165775
0.00473158
0.0135167
0.0114157
0.00861397
0.0293247
0.00734951
0.00479978
0.0416017
0.380068
0.0543492