0.203635
0.217416
0.252633
0.23165
0.187958
0.196891
0.220392
0.231445
0.220254
0.254645
0.234207
0.209395
0.254074
0.220257
0.228895
0.189906
0.776095
0.364978
0.888577
0.210905
0.243611
0.314657
0.301093
0.191838
0.4582
0.832968
0.168767
0.356058
0.22626
0.236002
0.919519
0.911646
0.908016
0.911646
0.223157
0.911646
0.908016
0.911646
0.223157
0.902245
0.907154
0.214731
0.902962
0.214907
0.214731
0.306653
0.167392
0.284537
0.171935
0.163908
0.167392
0.284537
0.171935
0.163908
0.25928
0.192799
0.219743
0.178268
0.193904
0.188582
0.173674
0.211727
0.864725
0.839663
0.809863
0.220643
0.236559
0.267795
0.261293
0.278925
0.279352
0.26713
0.839663
0.809863
0.576129
0.213465
0.255682
0.213475
0.25828
0.213465
0.267945
0.220254
0.176225
0.220254
0.166321
0.204551
0.215088
0.184047
0.220254
0.183119
0.29888
0.309334
0.290456
0.311176
0.309334
0.244383
0.174834
0.222505
0.244383
0.181557
0.246414
0.283929
0.21155
0.240148
0.251429
0.249941
0.857566
0.928836
0.207949
0.208962
0.262424
0.350634
0.237242
0.275795
0.889901
0.166775
0.168041
0.289026
0.307534
0.220254
0.381939
0.867574
0.854948
0.238177
0.262154
0.305551
0.710052
0.344544
0.763808
0.854948
0.238177
0.262154
0.16864
0.676368
0.228765
0.867158
0.858059
0.858059
0.893445
0.266688
0.878091
0.878091
0.90562
0.242208
0.858059
0.893445
0.266688
0.893445
0.266688
0.283811
0.926673
0.223142
0.92318
0.264806
0.856939
0.362247
0.926633
0.403964
0.885233
0.31581
0.135115
0.255707
0.302498
0.864848
0.279759
0.150241
0.205063
0.201732
0.191813
0.224714
0.171798
0.156983
0.151479
0.133756
0.317243
0.27148
0.275735
0.28849
0.310478
0.2317
0.161091
0.279205
0.191313
0.224096
0.224095
0.316764
0.329947
0.185989
0.257297
0.869654
0.257178
0.273508
0.247237
0.25097
0.213465
0.231716
0.231716
0.170488
0.355865
0.178254
0.354475
0.186202
0.166615
0.18654
0.186202
0.166615
0.18654
0.237112
0.256877
0.178254
0.280459
0.267915
0.27683
0.280068
0.23711
0.25563
0.499605
0.598592
0.241703
0.170879
0.201594
0.230219
0.403533
0.241707
0.253218
0.242123
0.242123
0.242123
0.240424
0.242454
0.735987
0.735987
0.730334
0.697347
0.735987
0.730334
0.697347
0.730334
0.697347
0.692861
0.16513
0.316328
0.170359
0.251873
0.154152
0.309477
0.203713
0.217695
0.213289
0.227122
0.320512
0.22729
0.256264
0.211195
0.205741
0.199923
0.570826
0.365137
0.847835
0.849005
0.376199
0.381095
0.267024
0.254608
0.895211
0.618714
0.559982
0.410023
0.371556
0.849005
0.205547
0.212775
0.21452
0.926103
0.926103
0.22687
0.220261
0.334725
0.334725
0.23823
0.32282
0.32282
0.335126
0.335126
0.928208
0.206458
0.917565
0.901328
0.800083
0.91374
0.27588
0.26668
0.287575
0.344526
0.901328
0.800083
0.91374
0.456865
0.917667
0.61815
0.29398
0.29398
0.279009
0.29398
0.288767
0.364021
0.296869
0.364021
0.26812
0.296869
0.364021
0.26812
0.234226
0.913155
0.26812
0.752989
0.272807
0.873964
0.205304
0.205965
0.31002
0.768035
0.193601
0.255879
0.283485
0.228888
0.175588
0.174921
0.197646
0.233292
0.212629
0.201905
0.203061
0.169348
0.168542
0.186024
0.233724
0.204905
0.168605
0.167206
0.1715
0.190253
0.189519
0.205832
0.23488
0.216925
0.508282
0.734972
0.673607
0.287694
0.23734
0.308713
0.249578
0.236811
0.436077
0.638106
0.374988
0.543602
0.222901
0.382155
0.260887
0.23309
0.358285
0.213281
0.220254
0.186049
0.288503
0.178323
0.179879
0.242638
0.233293
0.229093
0.211746
0.220254
0.253215
0.324571
0.324571
0.275049
0.324571
0.271247
0.919963
0.91349
0.919963
0.906426
0.91349
0.919963
0.906426
0.91346
0.89174
0.906426
0.18834
0.842935
0.789864
0.626361
0.206984
0.275141
0.297036
0.238196
0.182961
0.915312
0.812684
0.206579
0.79357
0.22713
0.213216
0.921625
0.250774
0.226041
0.926711
0.92685
0.274246
0.260814
0.928599
0.928111
0.242367
0.342041
0.354147
0.365728
0.355568
0.930783
0.274196
0.474205
0.692274
0.290438
0.242788
0.238623
0.387413
0.19707
0.249941
0.500346
0.176011
0.271784
0.370676
0.217063
0.225237
0.296011
0.154207
0.236995
0.437518
0.176374
0.337043
0.318507
0.233292
0.23711
0.279247
0.26434
0.549829
0.549829
0.593978
0.196767
0.201706
0.201706
0.198184
0.261456
0.549829
0.593978
0.196767
0.593978
0.196767
0.213926
0.184045
0.161545
0.207226
0.27504
0.172664
0.192676
0.179317
0.275033
0.171222
0.170343
0.282389
0.196756
0.283164
0.172334
0.213128
0.261195
0.235354
0.166345
0.227768
0.207973
0.142743
0.187068
0.168216
0.187321
0.176427
0.168228
0.212383
0.220254
0.184047
0.176225
0.255478
0.244435
0.310726
0.213248
0.184005
0.277886
0.441531
0.637869
0.892329
0.309243
0.21236
0.223216
0.238899
0.296394
0.335561
0.220254
0.369009
0.241592
0.238615
0.368907
0.369035
0.222622
0.21764
0.369038
0.228375
0.248039
0.920307
0.218566
0.329341
0.341155
0.872086
0.872086
0.892018
0.248589
0.211606
0.872086
0.892018
0.248589
0.211606
0.892018
0.248589
0.211606
0.273723
0.231221
0.266818
0.172655
0.614891
0.614891
0.614891
0.189963
0.289797
0.289797
0.289797
0.24804
0.672171
0.672171
0.1975
0.672171
0.1975
0.1975
0.256198
0.254592
0.277994
0.277994
0.852988
0.259453
0.287066
0.287066
0.307813
0.287063
0.287063
0.310693
0.906697
0.210679
0.210679
0.173052
0.252445
0.527347
0.173052
0.527347
0.227691
0.255685
0.51226
0.255685
0.259483
0.185218
0.259483
0.189601
0.676192
0.255685
0.919505
0.255441
0.927085
0.885295
0.928559
0.255441
0.927085
0.885295
0.928559
0.354874
0.275091
0.355586
0.784494
0.930634
0.80607
0.291984
0.184025
0.175795
0.227362
0.315462
0.203391
0.205321
0.171307
0.456453
0.187958
0.187957
0.208371
0.220251
0.26979
0.233508
0.222335
0.202682
0.322864
0.210391
0.371028
0.229973
0.307038
0.244423
0.335256
0.296474
0.221289
0.305138
0.255043
0.924467
0.355412
0.246898
0.190125
0.227468
0.213072
0.275391
0.170528
0.17132
0.175792
0.175669
0.213853
0.210776
0.191088
0.168177
0.427314
0.311857
0.930593
0.930593
0.930593
0.930593
0.930593
0.930593
0.930593
0.930593
0.930593
0.930593
0.930593
0.930593
0.930593
0.930593
0.930593
0.794129
0.2233
0.674149
0.413684
0.665557
0.2093
0.469715
0.293348
0.439951
0.42956
0.279278
0.408563
0.917255
0.897822
0.922262
0.907486
0.907877
0.227129
0.76866
0.245417
0.907308
0.274411
0.850098
0.261568
0.227129
0.76866
0.245417
0.279359
0.236696
0.184592
0.308189
0.411333
0.209082
0.406134
0.428554
0.273356
0.226682
0.244568
0.29826
0.19233
0.414294
0.508533
0.260457
0.232382
0.428554
0.894031
0.425788
0.81128
0.887183
0.81128
0.480063
0.879549
0.892136
0.879549
0.537146
0.492434
0.537146
0.856736
0.843282
0.847819
0.187538
0.165616
0.182953
0.218889
0.169184
0.562408
0.177124
0.248401
0.252799
0.145895
0.244225
0.349202
0.223493
0.161509
0.173106
0.173987
0.159278
0.275029
0.139944
0.353816
0.220254
0.229372
0.181476
0.275013
0.220835
0.178401
0.275242
0.503629
0.534046
0.343848
0.805493
0.758478
0.583977
0.805493
0.583977
0.758478
0.583977
0.805493
0.583977
0.737525
0.776602
0.737525
0.630173
0.685604
0.583977
0.292204
0.279977
0.274748
0.25207
0.285442
0.875462
0.853252
0.26395
0.822613
0.857668
0.261022
0.893754
0.252342
0.87399
0.235157
0.282125
0.170776
0.564695
0.169725
0.704869
0.237091
0.213839
0.214279
0.236577
0.237975
0.267055
0.286993
0.169725
0.704869
0.319862
0.209172
0.906697
0.23716
0.91727
0.278617
0.216696
0.327091
0.23716
0.91727
0.368968
0.919778
0.886057
0.90759
0.919778
0.918511
0.886057
0.90759
0.919778
0.918511
0.277706
0.876759
0.822717
0.912818
0.912958
0.918511
0.583099
0.48116
0.230875
0.359736
0.239161
0.423731
0.217962
0.516122
0.233496
0.217194
0.307143
0.215018
0.213257
0.208602
0.174766
0.255803
0.209379
0.256621
0.187676
0.199992
0.195424
0.658276
0.839224
0.199355
0.225474
0.241142
0.185709
0.381514
0.19695
0.226694
0.267072
0.221182
0.433067
0.842244
0.230342
0.167039
0.205497
0.203815
0.172625
0.233292
0.25555
0.224092
0.357306
0.230337
0.239151
0.874444
0.221252
0.919019
0.874444
0.858409
0.223271
0.901116
0.917484
0.91857
0.367939
0.290847
0.291092
0.883365
0.840373
0.91857
0.28069
0.218905
0.217017
0.207564
0.218346
0.21267
0.214355
0.205447
0.205544
0.148047
0.173946
0.152316
0.168756
0.151929
0.177061
0.926021
0.926003
0.925864
0.930609
0.867911
0.919906
0.919676
0.927273
0.860267
0.920263
0.927286
0.887261
0.927236
0.880665
0.867911
0.241077
0.253699
0.2466
0.236054
0.237344
0.242578
0.203524
0.641219
0.798295
0.278557
0.262131
0.309342
0.246279
0.310016
0.597007
0.189793
0.329668
0.298727
0.282323
0.273893
0.351676
0.274682
0.274851
0.256576
0.298153
0.775089
0.410291
0.236319
0.311403
0.239253
0.277357
0.276363
0.278788
0.277357
0.267947
0.913242
0.918269
0.914166
0.915048
0.91774
0.913372
0.914587
0.916505
0.915663
0.915048
0.638022
0.673111
0.243758
0.142344
0.170691
0.700265
0.239201
0.153102
0.194382
0.326498
0.205312
0.227503
0.174131
0.193507
0.220743
0.174696
0.22021
0.209189
0.275032
0.220256
0.211024
0.167648
0.327105
0.159754
0.20193
0.311758
0.168389
0.275031
0.220254
0.205543
0.281399
0.34175
0.281399
0.409814
0.281399
0.471466
0.879791
0.460165
0.879791
0.410948
0.802058
0.410948
0.460165
0.879791
0.389768
0.230159
0.195782
0.234777
0.209317
0.165468
0.220222
0.220254
0.223224
0.176535
0.220235
0.408803
0.865789
0.233292
0.167516
0.314727
0.243554
0.258003
0.276846
0.213338
0.22481
0.280286
0.242092
0.177919
0.207843
0.187743
0.172673
0.189221
0.227271
0.181854
0.218298
0.259049
0.203317
0.308283
0.204922
0.316101
0.172575
0.350635
0.535751
0.297444
0.298533
0.21884
0.306719
0.22042
0.921586
0.301966
0.92588
0.92588
0.928627
0.928627
0.238401
0.92588
0.928627
0.928627
0.238401
0.928627
0.928627
0.238401
0.92794
0.285198
0.285198
0.913497
0.229033
0.247463
0.458814
0.207579
0.221317
0.475275
0.237282
0.285576
0.37711
0.266584
0.266896
0.930618
0.274275
0.274087
0.849468
0.341461
0.23286
0.376279
0.340154
0.237856
0.327195
0.274275
0.274087
0.237598
0.203391
0.259462
0.179684
0.231315
0.298264
0.230105
0.270625
0.227378
0.667176
0.27406
0.900628
0.918139
0.90779
0.923348
0.27437
0.90182
0.899714
0.91
0.226156
0.901502
0.923423
0.216793
0.914241
0.256736
0.256865
0.205584
0.63523
0.213735
0.213735
0.244352
0.355887
0.263189
0.263189
0.175429
0.27427
0.27427
0.275071
0.451735
0.172061
0.172061
0.19373
0.328311
0.330429
0.308024
0.330429
0.282675
0.236731
0.283035
0.236731
0.684928
0.917257
0.684928
0.752675
0.792665
0.698651
0.164956
0.187727
0.171077
0.169358
0.584674
0.247503
0.543472
0.38004
0.260087
0.210289
0.295843
0.240481
0.40148
0.248366
0.252739
0.184565
0.234192
0.238774
0.356367
0.264445
0.189297
0.291874
0.348969
0.239787
0.166168
0.198932
0.259205
0.660494
0.264894
0.279595
0.275021
0.240695
0.453919
0.602055
0.209567
0.262317
0.205021
0.240409
0.205876
0.254141
0.302041
0.17728
0.884142
0.264357
0.269908
0.603347
0.614528
0.193239
0.249016
0.672098
0.918187
0.208949
0.247093
0.922994
0.222564
0.271069
0.923192
0.774066
0.340216
0.452258
0.275082
0.27548
0.16303
0.342833
0.275082
0.246901
0.201668
0.912922
0.908304
0.201281
0.35384
0.309965
0.299467
0.267767
0.912496
0.152859
0.171567
0.154363
0.2294
0.19738
0.457113
0.369398
0.756175
0.228804
0.77711
0.886908
0.807806
0.890436
0.432009
0.597423
0.897615
0.910904
0.266444
0.924377
0.257665
0.864993
0.299008
0.891715
0.188061
0.188426
0.909122
0.187013
0.287091
0.220279
0.213529
0.869449
0.763241
0.763241
0.176738
0.892869
0.891968
0.858838
0.363178
0.307934
0.343889
0.915571
0.903239
0.910866
0.20613
0.233823
0.710717
0.710717
0.223536
0.235725
0.237156
0.237156
0.252465
0.213747
0.213747
0.174254
0.805493
0.256841
0.256841
0.219921
0.220012
0.241547
0.209041
0.88574
0.846993
0.688681
0.22144
0.293001
0.684507
0.234366
0.293069
0.225855
0.32175
0.278804
0.918531
0.930593
0.925881
0.290572
0.92336
0.923289
0.918205
0.335896
0.920476
0.925881
0.290572
0.92336
0.237816
0.914268
0.349043
0.29725
0.218758
0.286827
0.210732
0.287162
0.223512
0.917513
0.220296
0.920761
0.285862
0.241714
0.285668
0.212649
0.918619
0.287068
0.879168
0.879168
0.878467
0.866511
0.380009
0.868339
0.868228
0.855786
0.341518
0.868228
0.855786
0.341518
0.854728
0.340484
0.339516
0.275394
0.23348
0.23348
0.244926
0.275788
0.377044
0.377044
0.653643
0.880917
0.449307
0.405201
0.560086
0.405201
0.560086
0.754441
0.220648
0.220648
0.248245
0.220254
0.153231
0.292949
0.394029
0.187958
0.188788
0.394029
0.187958
0.188788
0.234332
0.194695
0.142294
0.824926
0.334052
0.639584
0.824926
0.816451
0.334052
0.639584
0.824926
0.816451
0.233926
0.269288
0.365706
0.589421
0.728726
0.816451
0.172651
0.505537
0.506328
0.341556
0.231741
0.278994
0.27904
0.355626
0.222634
0.645525
0.365269
0.189947
0.36622
0.200319
0.273742
0.240926
0.208051
0.249646
0.240926
0.281688
0.175463
0.167323
0.64979
0.184668
0.202451
0.229073
0.198641
0.23362
0.226055
0.184668
0.388459
0.69918
0.921659
0.367842
0.382238
0.492577
0.297753
0.783031
0.274624
0.367842
0.431302
0.256662
0.208334
0.20766
0.247259
0.438487
0.814045
0.331097
0.311836
0.348661
0.213026
0.238466
0.269921
0.257096
0.232903
0.924207
0.907055
0.863525
0.654382
0.913582
0.916688
0.885057
0.709274
0.921689
0.853552
0.624859
0.909801
0.717964
0.883914
0.732988
0.874224
0.31552
0.374952
0.913511
0.48327
0.21468
0.268225
0.914388
0.49196
0.264225
0.290865
0.22956
0.460918
0.30976
0.69489