0.0131114
0.0167631
0.0146055
0.0261458
0.018084
0.316653
0.0151829
0.0139863
0.0393842
0.0216029
0.0136152
0.797545
0.0627039
0.0182294
0.0137282
0.0158572
0.0221982
0.0196074
0.0263134
0.0151672
0.472751
0.0378371
0.230574
0.0145672
0.0220503
0.416621
0.0243078
0.0368576
0.0159547
0.0429121
0.985587
0.985775
0.985608
0.985775
0.0123074
0.985775
0.985608
0.985775
0.0123074
0.985835
0.985852
0.0125172
0.985704
0.0122885
0.0125172
0.704876
0.623318
0.0140914
0.203133
0.66871
0.623318
0.0140914
0.203133
0.66871
0.0131149
0.786095
0.777603
0.0152452
0.0134664
0.766025
0.0170986
0.955797
0.7675
0.968115
0.980926
0.0197221
0.0218663
0.0254615
0.0289933
0.964687
0.979952
0.980702
0.968115
0.980926
0.98286
0.0138449
0.050946
0.0204524
0.946922
0.0138449
0.0412946
0.0211596
0.0175872
0.984978
0.0748608
0.0376063
0.0393854
0.0258977
0.0211723
0.0149595
0.79494
0.0274748
0.0340299
0.0205789
0.0274748
0.0129388
0.725456
0.0144853
0.0129388
0.015169
0.0229959
0.97327
0.0140739
0.0151748
0.0186994
0.0178192
0.0343145
0.0191659
0.0130215
0.015949
0.0156553
0.9622
0.0145557
0.0347034
0.0164225
0.0131715
0.0181606
0.0152123
0.227595
0.0328806
0.0161724
0.969139
0.767973
0.0162019
0.0190533
0.0211179
0.0135933
0.0132248
0.0173854
0.767973
0.0162019
0.0190533
0.0134241
0.02041
0.0384967
0.98428
0.983722
0.983722
0.957454
0.97486
0.984391
0.984391
0.939961
0.979433
0.983722
0.957454
0.97486
0.957454
0.97486
0.97913
0.824663
0.0156026
0.0423872
0.0368199
0.974653
0.0212988
0.908815
0.0418872
0.0950661
0.0837503
0.167078
0.0128224
0.0183732
0.0216046
0.0461757
0.0798724
0.0125945
0.0146317
0.0125773
0.0137083
0.0137491
0.0132944
0.0124231
0.0130734
0.0144293
0.0289234
0.0140976
0.0134802
0.819901
0.0135476
0.0142438
0.0186805
0.028216
0.0152021
0.0148182
0.0253066
0.0238574
0.0160307
0.0694688
0.032082
0.030896
0.0378339
0.0675501
0.0321216
0.0196617
0.0129565
0.0129565
0.0192327
0.937443
0.883209
0.980454
0.0169466
0.0135709
0.0128684
0.0169466
0.0135709
0.0128684
0.0157006
0.0160554
0.883209
0.0171249
0.0538163
0.875962
0.0156929
0.0129129
0.0188195
0.0235326
0.114613
0.293838
0.911302
0.0391805
0.0126054
0.017265
0.0124019
0.0132802
0.0787043
0.0787043
0.0787043
0.0706767
0.218465
0.984824
0.984824
0.776413
0.9834
0.984824
0.776413
0.9834
0.776413
0.9834
0.803748
0.0150019
0.0148588
0.0156929
0.0124372
0.0145575
0.0214212
0.0158702
0.0623603
0.015769
0.339531
0.0196397
0.262968
0.0171269
0.972721
0.0179432
0.85706
0.122155
0.11189
0.969352
0.970081
0.0896947
0.0928657
0.914074
0.908374
0.982997
0.0666317
0.0601144
0.0639787
0.0713538
0.970081
0.0547053
0.0134847
0.0179105
0.98457
0.98457
0.107569
0.0186093
0.0927623
0.0927623
0.0149306
0.0974359
0.0974359
0.204538
0.204538
0.985317
0.0189879
0.967812
0.108017
0.020356
0.168441
0.020325
0.0214823
0.0158753
0.0124652
0.108017
0.020356
0.168441
0.0318563
0.219766
0.0578787
0.116136
0.116136
0.0213204
0.116136
0.0176836
0.972122
0.014197
0.972122
0.0136927
0.014197
0.972122
0.0136927
0.0133237
0.974219
0.0136927
0.228996
0.452423
0.163831
0.120656
0.0433736
0.0140696
0.140406
0.0778883
0.287347
0.411935
0.0836605
0.0140289
0.102944
0.0412141
0.0177622
0.0126726
0.106062
0.0134479
0.0125371
0.0173095
0.0137194
0.0131144
0.0128608
0.0128926
0.0135626
0.0233747
0.0131098
0.0691193
0.0153485
0.0137213
0.0144511
0.0143355
0.0671398
0.0143547
0.0142397
0.808235
0.0354265
0.674419
0.0728488
0.0318585
0.978792
0.967983
0.0244357
0.0294744
0.969771
0.0222635
0.150086
0.976838
0.291406
0.0134711
0.0156349
0.0233329
0.0360817
0.0136341
0.102261
0.0181865
0.0142871
0.0585763
0.013986
0.0172233
0.802035
0.802035
0.929489
0.802035
0.890434
0.984626
0.966166
0.984626
0.961896
0.966166
0.984626
0.961896
0.972171
0.984733
0.961896
0.180398
0.98248
0.983969
0.982813
0.27476
0.0645831
0.178432
0.742532
0.0232796
0.981081
0.984273
0.0408824
0.98312
0.136993
0.0239122
0.976691
0.0332251
0.0160792
0.973457
0.979533
0.0465236
0.0450315
0.979963
0.981376
0.017688
0.0235348
0.0241354
0.0454492
0.0328766
0.980622
0.0237939
0.0168058
0.0206328
0.0353342
0.0175186
0.449409
0.0149945
0.791322
0.0261655
0.0346892
0.10288
0.0151511
0.023787
0.459928
0.0274656
0.0308224
0.0135557
0.0164323
0.0131974
0.0144337
0.0160771
0.0133854
0.0173376
0.0131838
0.0155965
0.0171063
0.968861
0.968861
0.0318322
0.0167528
0.01682
0.01682
0.0131284
0.0136925
0.968861
0.0318322
0.0167528
0.0318322
0.0167528
0.0237025
0.0127848
0.012534
0.015352
0.651214
0.0182059
0.793148
0.0172326
0.0123741
0.012416
0.0149277
0.0123726
0.0124886
0.0164702
0.0150238
0.205528
0.0169977
0.179966
0.0195612
0.0169969
0.597984
0.0204763
0.0265142
0.0156895
0.0171061
0.0308552
0.0137864
0.884763
0.0211723
0.0258977
0.0175872
0.0163099
0.015192
0.0175676
0.0427322
0.0141782
0.153985
0.319744
0.0170929
0.132274
0.0162603
0.0128666
0.0197815
0.0159835
0.0160998
0.0268948
0.973359
0.0238535
0.0265071
0.0203427
0.0200439
0.0276378
0.40867
0.233274
0.0627982
0.0231269
0.0147755
0.982848
0.0259305
0.0528305
0.0141674
0.985733
0.985733
0.927473
0.117488
0.0192173
0.985733
0.927473
0.117488
0.0192173
0.927473
0.117488
0.0192173
0.0194694
0.0133993
0.732302
0.0172515
0.0222901
0.0222901
0.0222901
0.0163907
0.254687
0.254687
0.254687
0.0152952
0.939694
0.939694
0.0168558
0.939694
0.0168558
0.0168558
0.0202848
0.0162659
0.0146201
0.0146201
0.0194925
0.591932
0.392275
0.392275
0.544741
0.331432
0.331432
0.0589571
0.985428
0.0305693
0.0305693
0.0124152
0.0141729
0.984974
0.0124152
0.984974
0.0130526
0.0124926
0.820382
0.0124926
0.0147063
0.012836
0.0147063
0.0124976
0.985757
0.0124926
0.984385
0.466382
0.975259
0.983848
0.983212
0.466382
0.975259
0.983848
0.983212
0.0618659
0.581045
0.303017
0.874103
0.983934
0.982382
0.049063
0.0130321
0.554142
0.0340682
0.44701
0.0168255
0.0218061
0.0155659
0.0420569
0.0449096
0.0181018
0.714787
0.039325
0.981312
0.241828
0.0542987
0.513677
0.965634
0.0205931
0.973846
0.979476
0.895308
0.0197824
0.874396
0.968335
0.0155106
0.968551
0.0144632
0.984513
0.0140776
0.0135539
0.0136444
0.600171
0.550069
0.0153077
0.0413751
0.0156914
0.0143038
0.0247846
0.0147306
0.0160371
0.0132642
0.0388053
0.0156725
0.0185775
0.985585
0.985585
0.985585
0.985585
0.985585
0.985585
0.985585
0.985585
0.985585
0.985585
0.985585
0.985585
0.985585
0.985585
0.985585
0.977012
0.848015
0.980104
0.960848
0.980658
0.943889
0.978896
0.461945
0.979156
0.95
0.249449
0.94374
0.964864
0.981056
0.967501
0.965752
0.980066
0.0158513
0.979396
0.0148123
0.969735
0.01423
0.981976
0.0155075
0.0158513
0.979396
0.0148123
0.0138945
0.0134925
0.048686
0.0218014
0.984733
0.0272378
0.983941
0.0133449
0.0229763
0.121576
0.0229042
0.0654664
0.0240028
0.984147
0.0131027
0.0344178
0.637925
0.0133449
0.976028
0.0138944
0.855725
0.975789
0.855725
0.0138379
0.981346
0.983983
0.981346
0.0128967
0.0135674
0.0128967
0.975885
0.984104
0.97675
0.0126757
0.168993
0.013617
0.979114
0.0146316
0.0125039
0.0125536
0.0131
0.0136047
0.0142652
0.025381
0.0136459
0.0160259
0.0142053
0.0141846
0.0564639
0.0238766
0.0172986
0.0732531
0.013394
0.18966
0.0179312
0.025275
0.0401818
0.0168836
0.0203276
0.0465577
0.0443642
0.0144286
0.016474
0.985719
0.757629
0.985591
0.985719
0.985591
0.757629
0.985591
0.985719
0.985591
0.495374
0.822382
0.495374
0.985372
0.98523
0.985591
0.106403
0.133667
0.0846101
0.127782
0.0375491
0.957826
0.97832
0.0151794
0.0212362
0.984529
0.0129573
0.0187958
0.0345965
0.0202639
0.0197234
0.0215713
0.0230386
0.976391
0.0253634
0.936951
0.02302
0.024624
0.0765688
0.0762664
0.0203661
0.0171447
0.0190696
0.0253634
0.936951
0.222243
0.0168355
0.985428
0.323931
0.0847313
0.0163731
0.0195753
0.0127442
0.323931
0.0847313
0.0909584
0.983082
0.890319
0.980376
0.983082
0.984168
0.890319
0.980376
0.983082
0.984168
0.844909
0.901971
0.788026
0.979475
0.983387
0.984168
0.816752
0.0150231
0.0129434
0.933285
0.012699
0.0164244
0.0125993
0.924653
0.0126499
0.0156659
0.0172994
0.0150244
0.014642
0.716836
0.0125341
0.0160039
0.0237823
0.0430815
0.0148263
0.0360911
0.023129
0.0236069
0.929924
0.0225152
0.0311473
0.0283492
0.721007
0.0215581
0.0199143
0.0132708
0.0154947
0.0145835
0.166582
0.107948
0.0157689
0.045024
0.0145374
0.0129549
0.0243306
0.0147773
0.0166611
0.117357
0.26203
0.0152228
0.0164349
0.757959
0.926575
0.175108
0.757959
0.713018
0.917414
0.918862
0.985427
0.935561
0.960811
0.93213
0.838267
0.759216
0.930854
0.935561
0.0803338
0.012507
0.015473
0.0140688
0.0152799
0.0132079
0.0135298
0.0126883
0.0134689
0.0734085
0.85883
0.0197908
0.0128046
0.274588
0.0130475
0.0601897
0.984308
0.978672
0.984474
0.0234781
0.932382
0.86022
0.0754067
0.0151721
0.983172
0.984304
0.0904593
0.979389
0.0233352
0.0234781
0.0163143
0.0431262
0.0135464
0.0149649
0.015561
0.0127317
0.985344
0.122582
0.0149823
0.0127258
0.0155771
0.0129073
0.0256889
0.0254874
0.0296184
0.0181867
0.0143982
0.21049
0.0131489
0.0184703
0.139628
0.286817
0.0137524
0.0235759
0.255682
0.013906
0.0852795
0.0377011
0.0345759
0.104867
0.0142614
0.0132025
0.0962302
0.0142614
0.0200205
0.983722
0.985251
0.985626
0.0122481
0.982406
0.981605
0.0152862
0.985458
0.0172595
0.0122481
0.382503
0.942713
0.968003
0.163684
0.0793169
0.212153
0.15566
0.0652851
0.0416524
0.506087
0.288115
0.0211344
0.0328446
0.0153296
0.866765
0.0206288
0.0429565
0.0126764
0.537925
0.017404
0.838361
0.0124492
0.016648
0.964541
0.0192188
0.034004
0.0565823
0.0137875
0.0125167
0.139557
0.0135801
0.279518
0.0135801
0.04293
0.0135801
0.0148352
0.985538
0.0128859
0.985538
0.0145206
0.645301
0.0145206
0.0128859
0.985538
0.0127311
0.0221345
0.013015
0.0430894
0.0155325
0.0142186
0.0253017
0.139199
0.0180272
0.0232734
0.0140954
0.815735
0.0170452
0.0173376
0.0163573
0.0218804
0.0150096
0.0279507
0.0160456
0.0164979
0.0136091
0.0333143
0.015315
0.0133801
0.015377
0.0199984
0.0158064
0.0626642
0.0175847
0.0138334
0.0125881
0.0156245
0.019629
0.0323006
0.0147738
0.0531818
0.0203615
0.0223406
0.0233737
0.0190431
0.131982
0.172796
0.898851
0.0283578
0.0285634
0.0181268
0.98564
0.98564
0.985287
0.985287
0.0159983
0.98564
0.985287
0.985287
0.0159983
0.985287
0.985287
0.0159983
0.985558
0.0185094
0.0185094
0.0209904
0.0204192
0.0296696
0.0194133
0.13406
0.0135381
0.0358224
0.0202839
0.611981
0.0219237
0.0246355
0.0178003
0.980961
0.0256553
0.0131942
0.955245
0.0226741
0.0259545
0.0352328
0.0170767
0.0395143
0.0275001
0.0256553
0.0131942
0.0198369
0.0170143
0.777728
0.0129441
0.0170657
0.0146887
0.0139254
0.0130374
0.0131219
0.959565
0.0138621
0.275863
0.0309126
0.0161214
0.0310326
0.0161342
0.985119
0.0187415
0.0217743
0.0246363
0.0206901
0.261505
0.116866
0.0166013
0.015472
0.014695
0.679171
0.346699
0.942426
0.942426
0.235603
0.0319605
0.951032
0.951032
0.208709
0.0272073
0.0272073
0.0225456
0.978283
0.0531431
0.0531431
0.0349318
0.0241586
0.0159154
0.0164068
0.0159154
0.0138562
0.0138629
0.014075
0.0138629
0.0665444
0.0316395
0.0665444
0.0193329
0.0177749
0.0161714
0.0348476
0.0124906
0.0128645
0.014263
0.706077
0.0140892
0.0135969
0.0238918
0.733643
0.113585
0.0140121
0.0126535
0.142046
0.016842
0.0191574
0.0164792
0.0349476
0.0162643
0.0413124
0.0237888
0.0181598
0.0131814
0.0143541
0.05016
0.0144253
0.543236
0.0164794
0.0142877
0.170771
0.0208355
0.0148054
0.015844
0.0129891
0.0152271
0.0254135
0.68093
0.0123594
0.0125942
0.294991
0.0124097
0.0128047
0.759419
0.0188103
0.0124324
0.0129792
0.0128404
0.0738729
0.0154571
0.0141204
0.0184177
0.0418471
0.0142357
0.0147029
0.0174415
0.0192836
0.0154977
0.0309009
0.522887
0.826122
0.982597
0.896576
0.0210226
0.0144208
0.0206066
0.896576
0.0435557
0.0177402
0.0127443
0.98032
0.0164036
0.0195553
0.039951
0.0158678
0.0151401
0.0129325
0.020707
0.0214494
0.0137681
0.0301571
0.0141271
0.025558
0.980888
0.984777
0.959341
0.019527
0.0170293
0.0156003
0.983564
0.98288
0.980973
0.0145567
0.0230172
0.0897359
0.0404554
0.0126848
0.01938
0.0138897
0.0143961
0.111037
0.013748
0.0291385
0.0127878
0.0134188
0.0128475
0.0127261
0.982146
0.596708
0.596708
0.0612949
0.0207042
0.0167883
0.985104
0.0191511
0.0167271
0.386616
0.0207855
0.0406707
0.0279095
0.385037
0.0206757
0.822811
0.822811
0.0763084
0.0169693
0.89222
0.89222
0.0131041
0.01756
0.01756
0.0264882
0.985719
0.831131
0.831131
0.0127841
0.0140961
0.0127768
0.133938
0.977716
0.966093
0.013529
0.0154485
0.013543
0.0161004
0.0151209
0.0135607
0.0165565
0.0128881
0.122852
0.983371
0.985585
0.179982
0.0284909
0.843588
0.983699
0.105532
0.034659
0.156811
0.179982
0.0284909
0.843588
0.0698427
0.961507
0.0207974
0.981911
0.389671
0.982031
0.949765
0.982958
0.323583
0.982862
0.979678
0.984446
0.314968
0.504359
0.969439
0.979211
0.984475
0.953872
0.985173
0.985173
0.326782
0.0164355
0.040703
0.984002
0.234361
0.0189516
0.0428737
0.234361
0.0189516
0.0428737
0.0183857
0.0548009
0.964432
0.0145782
0.0173392
0.0173392
0.165359
0.0139438
0.976687
0.976687
0.0178284
0.985327
0.983168
0.0385974
0.977803
0.0385974
0.977803
0.0201941
0.016098
0.016098
0.0228336
0.0223399
0.0139768
0.967356
0.015916
0.0133111
0.0251781
0.015916
0.0133111
0.0251781
0.0126198
0.0244842
0.0225648
0.978225
0.580476
0.907085
0.978225
0.978334
0.580476
0.907085
0.978225
0.978334
0.685925
0.593968
0.361824
0.930374
0.496775
0.978334
0.188283
0.0150794
0.0146777
0.0523847
0.0147091
0.0175553
0.0228339
0.74437
0.0474151
0.963614
0.151378
0.13133
0.112246
0.797086
0.0838655
0.0146863
0.103547
0.69015
0.0146863
0.012913
0.0299482
0.013273
0.985762
0.0124854
0.0286623
0.0382138
0.0727379
0.014707
0.0126377
0.0124854
0.71311
0.0323079
0.984531
0.0234422
0.0160282
0.542284
0.314948
0.0241055
0.0195389
0.0234422
0.0149579
0.0180117
0.0138346
0.21311
0.136527
0.0124499
0.104605
0.0127858
0.0127816
0.0132199
0.015643
0.0167282
0.0126906
0.0137644
0.975731
0.984759
0.980532
0.983226
0.98034
0.98515
0.977679
0.984613
0.981112
0.984778
0.980966
0.985252
0.982141
0.981166
0.983004
0.98252
0.160232
0.0466646
0.0960984
0.0191496
0.0137883
0.0941944
0.0495458
0.0709815
0.0144842
0.0131621
0.205347
0.0128605
0.0132829
0.0161534
0.0127204