0.0177078
0.0443389
0.0332543
0.0303418
0.0339126
0.0249487
0.1187
0.0235761
0.0575651
0.0359379
0.044021
0.0553782
0.419471
0.171612
0.115161
0.0327327
0.0323678
0.0435649
0.0133223
0.0307299
0.128385
0.0921566
0.0600864
0.115467
0.252546
0.986283
0.0601274
0.0699547
0.0529873
0.015824
0.988158
0.983841
0.986689
0.983841
0.267802
0.983841
0.986689
0.983841
0.267802
0.98494
0.99059
0.198005
0.982486
0.14874
0.198005
0.759565
0.0785569
0.35286
0.0292833
0.0820328
0.0785569
0.35286
0.0292833
0.0820328
0.0298523
0.868914
0.909275
0.0375952
0.0451902
0.848776
0.432734
0.730732
0.975784
0.858303
0.977382
0.284293
0.713904
0.84074
0.368991
0.847415
0.732542
0.926308
0.858303
0.977382
0.755972
0.0203097
0.146708
0.0387186
0.958861
0.0203097
0.020816
0.270927
0.0194854
0.950364
0.0494181
0.12569
0.0189759
0.0421457
0.242723
0.0204293
0.0542881
0.0234565
0.0402624
0.560303
0.0234565
0.0291155
0.759265
0.0564223
0.0291155
0.0285587
0.0195206
0.886259
0.0543218
0.0334394
0.0265468
0.023683
0.569173
0.167612
0.0160379
0.121142
0.0824301
0.957982
0.01897
0.215173
0.625288
0.0338043
0.314174
0.0206251
0.942815
0.0176251
0.0409013
0.844654
0.650296
0.0295819
0.0301052
0.0498885
0.0430589
0.0228934
0.0184188
0.650296
0.0295819
0.0301052
0.024397
0.0280819
0.02344
0.987327
0.990747
0.990747
0.954215
0.847063
0.988935
0.988935
0.879923
0.910373
0.990747
0.954215
0.847063
0.954215
0.847063
0.813475
0.380361
0.0507623
0.245723
0.166511
0.975278
0.0614054
0.986078
0.0423779
0.415445
0.0511408
0.0360443
0.0662882
0.0302502
0.244612
0.142524
0.0311367
0.623882
0.811952
0.0354849
0.827469
0.0164778
0.0232473
0.0244629
0.0216349
0.509225
0.0310756
0.556922
0.0285834
0.491233
0.0270194
0.0116738
0.0154664
0.0121723
0.0116265
0.0337932
0.0368911
0.898904
0.010177
0.0159308
0.0405966
0.0119358
0.0201381
0.0100995
0.0144413
0.0125497
0.0217942
0.0217942
0.0173039
0.960583
0.270251
0.982554
0.0294058
0.0282852
0.0211364
0.0294058
0.0282852
0.0211364
0.0209184
0.016504
0.270251
0.0191729
0.225468
0.184856
0.0369418
0.0455453
0.0304428
0.0500828
0.0527101
0.0147966
0.114749
0.0185969
0.0267279
0.0307007
0.0261859
0.037245
0.0780848
0.0780848
0.0780848
0.107402
0.0806575
0.972908
0.972908
0.971767
0.975023
0.972908
0.971767
0.975023
0.971767
0.975023
0.978719
0.0276329
0.0921691
0.0751188
0.0163838
0.0316699
0.113336
0.020995
0.043245
0.0150309
0.133531
0.057422
0.0655923
0.0127278
0.280073
0.0133902
0.0751782
0.263024
0.257185
0.985509
0.985474
0.117303
0.112707
0.0719685
0.0885299
0.96939
0.206659
0.211115
0.182213
0.191556
0.985474
0.166838
0.394247
0.103997
0.95886
0.95886
0.363581
0.0380218
0.0307522
0.0307522
0.0516296
0.247381
0.247381
0.146999
0.146999
0.986606
0.022725
0.964688
0.0228167
0.0616481
0.0443716
0.024656
0.9003
0.175735
0.0572851
0.0228167
0.0616481
0.0443716
0.401411
0.0411218
0.0547976
0.14193
0.14193
0.154603
0.14193
0.111254
0.982493
0.0763372
0.982493
0.0489456
0.0763372
0.982493
0.0489456
0.0901383
0.192832
0.0489456
0.24899
0.798153
0.890497
0.321722
0.297587
0.026888
0.481267
0.183225
0.888562
0.731337
0.238339
0.0203724
0.387542
0.260971
0.0703181
0.0841154
0.151329
0.0231402
0.0135102
0.0497133
0.141178
0.0458845
0.018744
0.0448254
0.0425406
0.0134873
0.0647557
0.050068
0.111851
0.238654
0.218052
0.0265769
0.629861
0.0247886
0.0275277
0.0609897
0.207615
0.0480698
0.0649299
0.0227545
0.962364
0.898948
0.0298408
0.0254802
0.923508
0.0157134
0.0423524
0.358119
0.0248153
0.0505647
0.0361095
0.0229341
0.0159578
0.0155303
0.0355495
0.0215723
0.037695
0.0234409
0.0575321
0.0670797
0.456789
0.456789
0.140856
0.456789
0.1106
0.988838
0.974717
0.988838
0.965938
0.974717
0.988838
0.965938
0.976326
0.973776
0.965938
0.0233389
0.953122
0.972569
0.96621
0.0326515
0.0254267
0.0175407
0.0159956
0.198662
0.963145
0.941423
0.0313875
0.960606
0.0283219
0.027642
0.912656
0.0452082
0.016173
0.732449
0.808599
0.0612481
0.0140695
0.96963
0.973383
0.0211671
0.05491
0.0492314
0.0139298
0.0129521
0.979518
0.123635
0.173885
0.561166
0.0868094
0.0586494
0.127406
0.0877068
0.725746
0.170599
0.090412
0.0747648
0.0593712
0.022155
0.0388867
0.043277
0.721399
0.102889
0.0751013
0.104214
0.102781
0.0647395
0.0815305
0.08493
0.174372
0.872838
0.0196844
0.948948
0.948948
0.604944
0.0264901
0.028273
0.028273
0.0132752
0.028621
0.948948
0.604944
0.0264901
0.604944
0.0264901
0.0154351
0.0780125
0.0514219
0.0872864
0.0270535
0.0225973
0.0874584
0.0170078
0.522622
0.0263097
0.152157
0.0279784
0.0847215
0.0209047
0.0342731
0.0199297
0.0487915
0.18386
0.102909
0.0184909
0.175078
0.0935363
0.0586767
0.0418357
0.0604019
0.0459972
0.0298507
0.961681
0.33206
0.0421457
0.0194854
0.0152524
0.840461
0.231434
0.0191724
0.0120603
0.0172221
0.118897
0.0203642
0.024374
0.07046
0.0192396
0.0126244
0.0194874
0.0273779
0.0126103
0.0558295
0.204312
0.0596943
0.0560216
0.163537
0.29926
0.0598211
0.050375
0.237373
0.618808
0.118244
0.97371
0.0234533
0.609887
0.0560507
0.981543
0.981543
0.054487
0.524019
0.0554306
0.981543
0.054487
0.524019
0.0554306
0.054487
0.524019
0.0554306
0.0621752
0.0338139
0.343254
0.0196163
0.0213135
0.0213135
0.0213135
0.016107
0.12819
0.12819
0.12819
0.0712215
0.973052
0.973052
0.118976
0.973052
0.118976
0.118976
0.0246235
0.0378811
0.761797
0.761797
0.403521
0.0198541
0.019371
0.019371
0.0264309
0.0273869
0.0273869
0.0856871
0.95467
0.027146
0.027146
0.0375792
0.761459
0.837228
0.0375792
0.837228
0.028552
0.0351278
0.762519
0.0351278
0.888372
0.0238629
0.888372
0.0271235
0.889722
0.0351278
0.987714
0.600013
0.977836
0.981995
0.98454
0.600013
0.977836
0.981995
0.98454
0.284062
0.611192
0.338416
0.935784
0.986714
0.95858
0.0700248
0.0890656
0.0822156
0.0863088
0.0398575
0.0281875
0.0372984
0.0215271
0.0624488
0.0293925
0.0765109
0.0337556
0.248299
0.0117286
0.0199398
0.865599
0.0243426
0.0839016
0.947996
0.0896749
0.0313712
0.0659163
0.558732
0.0763439
0.530242
0.0261968
0.603221
0.0688505
0.988761
0.0794854
0.0149127
0.0144369
0.0192345
0.785039
0.0535087
0.297405
0.0203093
0.0129661
0.0137716
0.0182559
0.0127502
0.0133532
0.0163852
0.0302172
0.0549873
0.987924
0.987924
0.987924
0.987924
0.987924
0.987924
0.987924
0.987924
0.987924
0.987924
0.987924
0.987924
0.987924
0.987924
0.987924
0.595475
0.85114
0.980813
0.973687
0.982699
0.979009
0.413614
0.354154
0.451428
0.707158
0.435882
0.39673
0.972225
0.983251
0.9635
0.936416
0.97989
0.0295661
0.973148
0.02492
0.888181
0.0234289
0.969773
0.0199629
0.0295661
0.973148
0.02492
0.0287546
0.0341558
0.0241682
0.0534886
0.826808
0.018578
0.883118
0.0460406
0.0384312
0.0135651
0.0567211
0.92851
0.0152111
0.794314
0.0318008
0.0194819
0.0124934
0.0460406
0.981378
0.0343428
0.972644
0.971748
0.972644
0.0284249
0.975476
0.976044
0.975476
0.0257908
0.0253904
0.0257908
0.953058
0.943631
0.966528
0.02159
0.0153918
0.309927
0.0720391
0.0148168
0.0456952
0.0462343
0.01875
0.0273107
0.0237231
0.0239228
0.101491
0.0291847
0.0134754
0.0185169
0.0477752
0.0104824
0.015656
0.91595
0.125668
0.0306307
0.0425953
0.0816275
0.062096
0.0272521
0.010768
0.0153883
0.0139025
0.0413726
0.418253
0.980046
0.928823
0.984315
0.984848
0.984315
0.928823
0.984315
0.984848
0.984315
0.94274
0.955789
0.94274
0.984442
0.983605
0.984315
0.0368692
0.0221382
0.0189691
0.0164985
0.0272107
0.476686
0.953543
0.0191718
0.0312778
0.964141
0.0135234
0.0178505
0.0124179
0.0145054
0.0287587
0.0112575
0.0140738
0.849444
0.0154447
0.134808
0.0428217
0.0114669
0.0514319
0.0362778
0.0159152
0.019619
0.0194789
0.0154447
0.134808
0.0589968
0.0825646
0.977924
0.0434116
0.285397
0.175824
0.244738
0.0547753
0.0434116
0.285397
0.0623197
0.96782
0.19337
0.94273
0.96782
0.970649
0.19337
0.94273
0.96782
0.970649
0.0707055
0.157595
0.114043
0.957754
0.955535
0.970649
0.741828
0.147268
0.0382288
0.304717
0.161376
0.319985
0.100682
0.738553
0.216203
0.266896
0.165463
0.656303
0.0397778
0.570246
0.206439
0.059911
0.370651
0.069572
0.268724
0.330174
0.0704558
0.0497239
0.137994
0.092238
0.227173
0.283035
0.903512
0.285047
0.184775
0.168626
0.0464393
0.045876
0.168217
0.0852732
0.110504
0.221238
0.0255371
0.0240128
0.3445
0.110654
0.0708281
0.0733408
0.880994
0.0260516
0.0243762
0.960538
0.0264762
0.859049
0.960538
0.951722
0.0291769
0.596424
0.982501
0.852876
0.0432189
0.0324903
0.0378653
0.795447
0.982906
0.852876
0.882446
0.0363186
0.0291516
0.0252474
0.0457464
0.0380577
0.0277493
0.0198835
0.0952912
0.829672
0.1235
0.606901
0.133232
0.752342
0.0813861
0.835068
0.978702
0.974753
0.979072
0.112831
0.748426
0.706966
0.79291
0.122921
0.972584
0.978526
0.0972738
0.97594
0.113377
0.112831
0.0998093
0.0349385
0.0590407
0.0436037
0.0387719
0.147637
0.602381
0.799969
0.0416098
0.561407
0.0454152
0.0383228
0.0852543
0.0434202
0.0990816
0.0187209
0.0904724
0.21155
0.0549408
0.0954948
0.0848259
0.0139824
0.0132783
0.113936
0.393302
0.0863954
0.480534
0.0861446
0.162063
0.156293
0.242517
0.0822338
0.0693026
0.242517
0.0166329
0.964885
0.885713
0.97509
0.0256105
0.827115
0.955561
0.0236777
0.910685
0.0309942
0.0256105
0.371381
0.0487659
0.0433843
0.00973087
0.0134278
0.0497144
0.0475003
0.00979256
0.0130028
0.978666
0.0335374
0.0279654
0.031618
0.0353573
0.014401
0.045098
0.158268
0.0181884
0.0679713
0.0209004
0.0627282
0.0168713
0.21533
0.562308
0.0224705
0.639141
0.0586483
0.0220001
0.0199387
0.632835
0.54662
0.118244
0.54662
0.129427
0.54662
0.081895
0.880385
0.0965614
0.880385
0.0671258
0.966885
0.0671258
0.0965614
0.880385
0.0809718
0.312001
0.0325379
0.337333
0.0262442
0.0219635
0.084882
0.0243124
0.0157628
0.0525476
0.142794
0.0711693
0.893146
0.08493
0.125741
0.0534166
0.0342586
0.0444134
0.0219221
0.037182
0.358389
0.0651684
0.0187902
0.0426535
0.123001
0.0167191
0.282814
0.118794
0.0221887
0.0148781
0.245463
0.645059
0.0909497
0.745374
0.380095
0.0357207
0.0402577
0.870066
0.308098
0.055429
0.271839
0.064575
0.0148461
0.256707
0.0410038
0.0296884
0.984115
0.984115
0.982975
0.982975
0.0647911
0.984115
0.982975
0.982975
0.0647911
0.982975
0.982975
0.0647911
0.9815
0.027762
0.027762
0.250677
0.0849373
0.0515173
0.130811
0.682018
0.0810046
0.537198
0.186483
0.47016
0.131532
0.0202051
0.0353367
0.958961
0.0342667
0.0382953
0.955759
0.0211119
0.0310502
0.926921
0.0364865
0.043668
0.607494
0.0342667
0.0382953
0.180924
0.0329424
0.577277
0.021221
0.304013
0.0781925
0.0205382
0.0252685
0.0616144
0.959627
0.0323562
0.0187954
0.976638
0.0518174
0.908413
0.0331451
0.0486682
0.0114629
0.0443322
0.0137331
0.0261005
0.970175
0.037196
0.0259466
0.0317355
0.0272694
0.0933373
0.058704
0.646236
0.646236
0.0146372
0.302045
0.633811
0.633811
0.0180221
0.500922
0.500922
0.0314301
0.851952
0.0162379
0.0162379
0.0114112
0.0365091
0.0376694
0.0370857
0.0376694
0.0310393
0.0277807
0.0450144
0.0277807
0.866612
0.827223
0.866612
0.740651
0.694034
0.761201
0.0390819
0.0135455
0.120495
0.0808249
0.698133
0.0115482
0.0345183
0.0229867
0.0279472
0.0194844
0.0211665
0.0159356
0.0301895
0.0559489
0.119669
0.058719
0.0249537
0.0231638
0.0605389
0.0125328
0.0260787
0.472778
0.134888
0.0139489
0.0236019
0.0435031
0.011242
0.169868
0.0132777
0.0122577
0.10396
0.0243367
0.0344716
0.0374706
0.0170639
0.0190403
0.0266665
0.0604314
0.0202456
0.0661484
0.0128095
0.614638
0.0884426
0.0524569
0.0148484
0.11351
0.216694
0.0175948
0.0185772
0.0193549
0.741666
0.0217056
0.042956
0.0663412
0.0560309
0.0885782
0.132647
0.0340906
0.0453325
0.937774
0.827206
0.539363
0.0373347
0.0269384
0.827206
0.681842
0.0260992
0.024693
0.982758
0.130133
0.013509
0.787265
0.016843
0.0328609
0.0340413
0.119588
0.0517229
0.0695012
0.178338
0.0896675
0.426183
0.955412
0.952173
0.961163
0.18438
0.759447
0.457604
0.943379
0.981904
0.965175
0.032768
0.0261983
0.166591
0.134888
0.0364214
0.163223
0.117352
0.0226055
0.0161998
0.0386389
0.0188105
0.0560709
0.025228
0.0152949
0.0163075
0.987846
0.969021
0.969021
0.302466
0.109049
0.400705
0.967971
0.458892
0.398117
0.288174
0.88112
0.130502
0.285581
0.185915
0.0275858
0.942718
0.942718
0.907848
0.0350598
0.891758
0.891758
0.85814
0.0627262
0.0627262
0.0379885
0.980046
0.971974
0.971974
0.0379901
0.0342342
0.0349085
0.0356848
0.98031
0.906178
0.725588
0.0190091
0.0426071
0.69296
0.0197357
0.0375777
0.0133232
0.0363588
0.0386947
0.798731
0.987924
0.942298
0.0595779
0.238264
0.893912
0.696472
0.038007
0.316671
0.942298
0.0595779
0.238264
0.0928329
0.95536
0.185641
0.194179
0.0706944
0.127095
0.0644475
0.136383
0.413352
0.988003
0.0599791
0.987628
0.263209
0.0206465
0.273901
0.0423853
0.987554
0.0378553
0.976983
0.976983
0.863482
0.0506781
0.0825125
0.977406
0.950388
0.0750027
0.154653
0.950388
0.0750027
0.154653
0.0676142
0.266244
0.527729
0.136736
0.0336678
0.0336678
0.0753987
0.0997106
0.956964
0.956964
0.0679292
0.982133
0.949818
0.0417964
0.968768
0.0417964
0.968768
0.135799
0.0214068
0.0214068
0.0609439
0.0288055
0.421742
0.949222
0.0219042
0.0338788
0.10089
0.0219042
0.0338788
0.10089
0.0168251
0.339242
0.0795346
0.979388
0.397714
0.847196
0.979388
0.973547
0.397714
0.847196
0.979388
0.973547
0.102326
0.30897
0.288897
0.805327
0.811037
0.973547
0.0148773
0.299838
0.150155
0.303542
0.0153874
0.173186
0.206534
0.0597824
0.640232
0.954442
0.209521
0.383084
0.148343
0.432371
0.0375664
0.0186493
0.0250046
0.951843
0.0186493
0.0428312
0.155241
0.0168476
0.965671
0.153729
0.0278898
0.292156
0.328531
0.0210941
0.0649031
0.153729
0.457946
0.281376
0.985525
0.369237
0.228777
0.523136
0.214211
0.319973
0.928517
0.369237
0.0276416
0.0135428
0.0416171
0.0426687
0.0544041
0.228173
0.0316616
0.0430661
0.136682
0.013239
0.0393689
0.390979
0.0116899
0.0397289
0.167469
0.989713
0.979804
0.976986
0.983561
0.989197
0.982403
0.97537
0.982611
0.989607
0.957144
0.96786
0.980371
0.972901
0.968767
0.980538
0.0509421
0.141909
0.152827
0.0440501
0.022047
0.0179517
0.030944
0.912749
0.0695401
0.162152
0.0138116
0.0116004
0.0185196
0.030173
0.0317263