0.0102982
0.0102532
0.0104688
0.0109947
0.0105809
0.0961665
0.0132382
0.0153076
0.0239797
0.0115474
0.0116012
0.0539969
0.0260167
0.0104638
0.0104365
0.0119694
0.0107755
0.0137785
0.0307925
0.0106485
0.0107362
0.015331
0.0517301
0.0137163
0.0149475
0.939616
0.0112356
0.0170881
0.0107936
0.0109379
0.99008
0.990077
0.990039
0.990077
0.0275332
0.990077
0.990039
0.990077
0.0275332
0.990002
0.989875
0.0266262
0.989989
0.0218552
0.0266262
0.785544
0.106269
0.0150586
0.595162
0.753803
0.106269
0.0150586
0.595162
0.753803
0.0224757
0.0788109
0.222621
0.0142478
0.0143081
0.564702
0.0104574
0.987717
0.988789
0.989244
0.988204
0.0167678
0.0105556
0.0142466
0.0153385
0.988346
0.986506
0.980895
0.989244
0.988204
0.989403
0.0113871
0.014893
0.0267254
0.989801
0.0113871
0.0318878
0.0384703
0.0221973
0.988268
0.12265
0.0505667
0.025881
0.022942
0.0317408
0.0197664
0.0145803
0.0231329
0.0110264
0.0128159
0.0231329
0.0103964
0.988033
0.0676189
0.0103964
0.0110126
0.0111975
0.989947
0.0339821
0.0110287
0.0110468
0.0106628
0.0242661
0.0328686
0.0103273
0.0124493
0.0141498
0.0326195
0.0103936
0.0146897
0.0348727
0.0112148
0.0338552
0.0103353
0.245644
0.0326942
0.0104548
0.975116
0.961345
0.0109856
0.0108055
0.0104497
0.0103562
0.0166843
0.0107076
0.961345
0.0109856
0.0108055
0.0108342
0.0106193
0.0151233
0.98997
0.989797
0.989797
0.984583
0.989335
0.989981
0.989981
0.821239
0.985623
0.989797
0.984583
0.989335
0.984583
0.989335
0.948781
0.986422
0.0152562
0.967407
0.0125311
0.968828
0.0116922
0.0564656
0.011313
0.597661
0.0146488
0.0145694
0.0119793
0.0112415
0.0977902
0.0877526
0.0122178
0.0122447
0.0224478
0.0110653
0.0308476
0.0111
0.01207
0.0116348
0.0124201
0.0118192
0.0373217
0.0154378
0.854632
0.988419
0.918354
0.0207879
0.0148401
0.0156368
0.0156771
0.027615
0.0113805
0.986499
0.0177296
0.0140744
0.0128328
0.0105949
0.0210613
0.0113399
0.0119439
0.0124593
0.0109807
0.0109807
0.0140342
0.989152
0.643043
0.989271
0.0111249
0.0112456
0.011663
0.0111249
0.0112456
0.011663
0.0147566
0.0101995
0.643043
0.0139416
0.0132993
0.0117219
0.91621
0.0176006
0.0251035
0.202264
0.0105465
0.0123688
0.014018
0.010361
0.0103753
0.0103901
0.0108902
0.0141191
0.0109282
0.0109282
0.0109282
0.0111988
0.011429
0.985296
0.985296
0.965606
0.980311
0.985296
0.965606
0.980311
0.965606
0.980311
0.922302
0.0389485
0.011223
0.0110845
0.0275465
0.0113566
0.0154803
0.0147947
0.189252
0.0109273
0.206941
0.0855458
0.012909
0.0133744
0.025799
0.0127513
0.901999
0.0124056
0.0116546
0.988236
0.984389
0.0484585
0.024787
0.894125
0.842793
0.986923
0.0123476
0.0124995
0.0114897
0.0115024
0.984389
0.0204366
0.0131354
0.0193976
0.949672
0.949672
0.932933
0.010487
0.014592
0.014592
0.0110421
0.0131492
0.0131492
0.0142995
0.0142995
0.988386
0.0130996
0.989206
0.0110635
0.983477
0.024016
0.0125746
0.019122
0.0280384
0.0133819
0.0110635
0.983477
0.024016
0.0154371
0.0662943
0.0169437
0.0349182
0.0349182
0.0106721
0.0349182
0.0812608
0.989882
0.0113281
0.989882
0.0175508
0.0113281
0.989882
0.0175508
0.0112309
0.980702
0.0175508
0.516651
0.0183448
0.91384
0.652851
0.013127
0.01839
0.364866
0.0712364
0.0111724
0.0222965
0.589426
0.0149573
0.657033
0.0131707
0.0257903
0.0110641
0.0295487
0.0208327
0.0166811
0.0107291
0.015328
0.011087
0.0104993
0.010342
0.0190154
0.0383533
0.0101826
0.0112573
0.010816
0.0175999
0.0211642
0.0163666
0.0171072
0.0140357
0.0292657
0.0107113
0.0372347
0.0103977
0.012991
0.0103512
0.985568
0.18638
0.0104643
0.511854
0.186168
0.0124114
0.0126757
0.968642
0.0127514
0.0105826
0.0103372
0.0139096
0.0230794
0.013189
0.0106812
0.012299
0.0107668
0.0199363
0.0106116
0.0442846
0.0175209
0.0175209
0.0849325
0.0175209
0.0296599
0.989695
0.986418
0.989695
0.980612
0.986418
0.989695
0.980612
0.987595
0.989378
0.980612
0.792259
0.987209
0.369549
0.977372
0.0108116
0.646266
0.114332
0.13861
0.0102818
0.986295
0.983374
0.0228691
0.949754
0.0292828
0.0125588
0.989344
0.0107277
0.0244318
0.990111
0.990097
0.0102219
0.0130967
0.98952
0.98896
0.0253058
0.0102071
0.0102071
0.0110826
0.0156869
0.990103
0.0104599
0.0133997
0.0127004
0.0106871
0.0120455
0.0110881
0.0186375
0.94816
0.114936
0.012991
0.0109051
0.0188175
0.0172234
0.288575
0.320413
0.923723
0.0102007
0.0118702
0.0107098
0.0103263
0.0111542
0.0107166
0.0107978
0.011008
0.0156757
0.0124054
0.989003
0.989003
0.0191739
0.0102496
0.0121021
0.0121021
0.0102455
0.0111203
0.989003
0.0191739
0.0102496
0.0191739
0.0102496
0.0102453
0.0122451
0.0630955
0.0123435
0.0267732
0.0109187
0.392138
0.0105157
0.0110772
0.0137456
0.0134964
0.0243131
0.0153007
0.296052
0.0113798
0.0107044
0.0111312
0.240763
0.140546
0.0105624
0.290327
0.488687
0.0166437
0.0604083
0.28347
0.0188604
0.0117227
0.989547
0.0317408
0.022942
0.0221973
0.218415
0.151415
0.0167325
0.0263468
0.0105643
0.012703
0.521228
0.0212049
0.0117293
0.0102324
0.0208791
0.0113107
0.0101678
0.0102178
0.0110503
0.265643
0.0124739
0.0110546
0.0120512
0.0114549
0.0117442
0.0113264
0.0117551
0.0119913
0.0117997
0.0116839
0.989507
0.0122568
0.0152413
0.0123186
0.990056
0.990056
0.987446
0.987809
0.012035
0.990056
0.987446
0.987809
0.012035
0.987446
0.987809
0.012035
0.890874
0.113186
0.0130328
0.0101978
0.0109768
0.0109768
0.0109768
0.0456643
0.0134703
0.0134703
0.0134703
0.0189499
0.9887
0.9887
0.0259634
0.9887
0.0259634
0.0259634
0.0102994
0.011288
0.0272018
0.0272018
0.090402
0.0121767
0.0120902
0.0120902
0.0166792
0.0117796
0.0117796
0.0211138
0.989647
0.0174703
0.0174703
0.0120995
0.0134095
0.711596
0.0120995
0.711596
0.010324
0.0102745
0.972101
0.0102745
0.0368546
0.0103605
0.0368546
0.0102921
0.988999
0.0102745
0.989942
0.0425091
0.987874
0.989898
0.989113
0.0425091
0.987874
0.989898
0.989113
0.0836279
0.0915532
0.0255
0.988093
0.985067
0.989562
0.96573
0.0115252
0.0642516
0.0105964
0.0104692
0.0126213
0.0121046
0.0573393
0.0106727
0.0149825
0.0256272
0.609331
0.0102494
0.0113796
0.0116867
0.946929
0.314379
0.0151317
0.0284598
0.0124589
0.0152561
0.0114225
0.142496
0.0114922
0.799378
0.0117487
0.809556
0.0102993
0.989837
0.0104584
0.0101776
0.0104926
0.0106074
0.973117
0.0102545
0.149799
0.010703
0.010213
0.0111322
0.0102165
0.011605
0.0123944
0.0113148
0.0106103
0.0104238
0.989336
0.989336
0.989336
0.989336
0.989336
0.989336
0.989336
0.989336
0.989336
0.989336
0.989336
0.989336
0.989336
0.989336
0.989336
0.972544
0.225793
0.987083
0.987429
0.985603
0.636318
0.980062
0.54398
0.969569
0.648991
0.049443
0.484804
0.988448
0.989361
0.988055
0.987548
0.989399
0.0102368
0.989857
0.0113515
0.987413
0.0104019
0.989707
0.0172006
0.0102368
0.989857
0.0113515
0.0104477
0.0317793
0.0139605
0.0103584
0.988437
0.010508
0.989606
0.0107098
0.0109611
0.0102706
0.0102774
0.0529513
0.0105251
0.988699
0.0106313
0.0105262
0.0106078
0.0107098
0.950576
0.0102902
0.964166
0.989439
0.964166
0.014243
0.988048
0.989525
0.988048
0.0106747
0.0120372
0.0106747
0.987888
0.985603
0.987824
0.0120327
0.0212533
0.0393319
0.0548939
0.0111916
0.18924
0.0130209
0.0112848
0.0172445
0.0151651
0.0122174
0.0105335
0.0143901
0.0104468
0.0101722
0.0132287
0.0141989
0.010328
0.0109992
0.10121
0.792257
0.0104371
0.979216
0.0159766
0.0108222
0.0138445
0.686668
0.0104407
0.0123965
0.0103843
0.989755
0.989897
0.989969
0.989755
0.989969
0.989897
0.989969
0.989755
0.989969
0.98969
0.989909
0.98969
0.990002
0.990039
0.989969
0.0104876
0.0106016
0.0121744
0.0215181
0.0109468
0.860878
0.974353
0.0111068
0.0275572
0.973411
0.010308
0.184631
0.010522
0.0231971
0.0172189
0.0110389
0.0172347
0.988209
0.807545
0.419794
0.305776
0.0109673
0.0181425
0.0109802
0.0197207
0.0105798
0.0110388
0.807545
0.419794
0.0240666
0.0152044
0.989647
0.0503524
0.980527
0.0147348
0.320434
0.018639
0.0503524
0.980527
0.0329915
0.987154
0.858307
0.989037
0.987154
0.986841
0.858307
0.989037
0.987154
0.986841
0.934747
0.839165
0.936949
0.989155
0.988909
0.986841
0.570626
0.0101651
0.0102014
0.0109813
0.0108313
0.0102935
0.0103241
0.074247
0.0107275
0.0103465
0.011796
0.0153977
0.0109721
0.985707
0.0140129
0.0103964
0.0105047
0.0161585
0.0107045
0.0175071
0.0106161
0.0106277
0.0110882
0.0104007
0.0102347
0.0167077
0.951781
0.0144057
0.0111303
0.0130606
0.0197196
0.0185885
0.0104834
0.0123717
0.0163424
0.0420858
0.0346158
0.0164758
0.025899
0.0124736
0.0129843
0.791068
0.0523413
0.0114491
0.0124284
0.762997
0.819375
0.742023
0.762997
0.988047
0.182819
0.986714
0.98896
0.975834
0.273795
0.148396
0.981967
0.987307
0.975624
0.975834
0.0105761
0.0136055
0.0111687
0.0119379
0.0115514
0.0107884
0.010366
0.0102955
0.0111529
0.0368692
0.0142844
0.0145399
0.0109275
0.0514454
0.0107113
0.989916
0.990006
0.989861
0.990094
0.853198
0.989107
0.982198
0.989952
0.305827
0.989541
0.990028
0.478898
0.989867
0.162364
0.853198
0.0130781
0.0246762
0.0104592
0.0109332
0.010681
0.0106474
0.044173
0.0848649
0.0125383
0.0106802
0.0107414
0.0107694
0.0117843
0.0105083
0.0234994
0.0105713
0.0125757
0.0105736
0.0255172
0.0102344
0.0105595
0.0107713
0.0113785
0.0206223
0.0231465
0.0293209
0.0147693
0.0162061
0.0220202
0.0108909
0.0203647
0.0276377
0.033432
0.0203647
0.0317462
0.987108
0.981784
0.988961
0.0102773
0.985353
0.986763
0.0102583
0.980341
0.0110209
0.0102773
0.0160686
0.961945
0.60183
0.0127239
0.0210541
0.011244
0.0103674
0.0116403
0.0103929
0.988558
0.0126713
0.0245765
0.0424179
0.0156097
0.0151196
0.0113097
0.0114794
0.0105459
0.708773
0.0226397
0.982911
0.0144928
0.0120639
0.776994
0.0204699
0.0280375
0.967629
0.0113277
0.0115494
0.0175159
0.0235576
0.0158425
0.0235576
0.0134916
0.0235576
0.0174471
0.983197
0.22824
0.983197
0.0194698
0.987098
0.0194698
0.22824
0.983197
0.199164
0.0131021
0.0107989
0.0244951
0.0106203
0.0124068
0.0102223
0.0143224
0.0113178
0.0119258
0.0105967
0.0134692
0.010649
0.0107978
0.0103494
0.0108951
0.0125879
0.0321515
0.0111596
0.0103149
0.0111854
0.0109007
0.0110359
0.0117833
0.0143777
0.0108158
0.0111425
0.0171227
0.0105418
0.0123925
0.0121594
0.0126409
0.0103782
0.0248189
0.0253917
0.0450931
0.0132518
0.0288362
0.066549
0.0898374
0.188298
0.0586097
0.0112996
0.055858
0.983397
0.0426679
0.987917
0.987917
0.988415
0.988415
0.020794
0.987917
0.988415
0.988415
0.020794
0.988415
0.988415
0.020794
0.988164
0.0194005
0.0194005
0.0150061
0.0185788
0.0133929
0.0216947
0.0138577
0.0106577
0.163734
0.0120134
0.0284413
0.0127611
0.0140506
0.0120146
0.988508
0.0339564
0.0113686
0.966923
0.0149929
0.0214905
0.0105731
0.0125016
0.0431526
0.0127224
0.0339564
0.0113686
0.0150127
0.0154812
0.98669
0.010371
0.989326
0.0120653
0.0102006
0.011998
0.0104165
0.989687
0.0101833
0.632858
0.755125
0.014422
0.0260736
0.0115227
0.334245
0.0103884
0.769593
0.0123752
0.0102958
0.98285
0.0115434
0.0114451
0.0102658
0.0105034
0.233933
0.746084
0.895403
0.895403
0.123701
0.125462
0.889786
0.889786
0.0120027
0.0705517
0.0705517
0.0146471
0.988754
0.0118347
0.0118347
0.0102389
0.0153124
0.0105075
0.011474
0.0105075
0.0109942
0.0289633
0.0113762
0.0289633
0.404996
0.57301
0.404996
0.518488
0.299936
0.653456
0.0122864
0.0104075
0.0104583
0.0234156
0.0683545
0.0430418
0.0119941
0.0118011
0.0124458
0.0156363
0.0103956
0.0103817
0.0123263
0.0104347
0.0111498
0.0104296
0.0102382
0.0126716
0.0103359
0.0212943
0.103428
0.0126265
0.0416014
0.0131258
0.0112301
0.0200505
0.0103333
0.0152071
0.013056
0.0105304
0.0123889
0.0114834
0.0127275
0.0329727
0.0103626
0.0892837
0.0174832
0.0108222
0.162755
0.0146973
0.0112822
0.203576
0.050081
0.0220949
0.0110796
0.0138898
0.0113802
0.019005
0.0106026
0.0107045
0.987764
0.0104039
0.0163582
0.0105424
0.0108164
0.0119341
0.0338405
0.881374
0.938911
0.574297
0.0167352
0.0118221
0.0135559
0.0797585
0.0167352
0.0197459
0.0149481
0.0666359
0.982009
0.0122023
0.0188704
0.0213296
0.0120727
0.0150245
0.0414972
0.0127431
0.012503
0.013878
0.0201585
0.0105138
0.0145751
0.9875
0.982074
0.0724077
0.0112486
0.0137417
0.0104699
0.89737
0.059889
0.0224952
0.0292046
0.0150849
0.0379527
0.985586
0.0113858
0.126225
0.018647
0.010961
0.132865
0.0106147
0.0187419
0.0265196
0.0337377
0.0123411
0.0120577
0.989993
0.988598
0.988598
0.0392221
0.0110527
0.961609
0.982657
0.0124235
0.11377
0.0837927
0.0280825
0.0137837
0.805426
0.98268
0.15151
0.989418
0.989418
0.975706
0.0140586
0.987134
0.987134
0.982565
0.987554
0.987554
0.0263408
0.989755
0.985619
0.985619
0.0104959
0.0106635
0.012507
0.914541
0.98612
0.989817
0.285156
0.0114786
0.0106704
0.983407
0.0186523
0.0106619
0.0219705
0.0121142
0.926921
0.987431
0.989336
0.983795
0.0171119
0.963417
0.987212
0.495083
0.0273859
0.140414
0.983795
0.0171119
0.963417
0.0180826
0.989123
0.0120273
0.0302288
0.0485914
0.0180928
0.556043
0.0155181
0.0118226
0.990107
0.987841
0.989958
0.0113497
0.0142063
0.0130571
0.985474
0.989975
0.983211
0.989352
0.989352
0.981913
0.0410348
0.0145705
0.988898
0.972892
0.0400904
0.0130268
0.972892
0.0400904
0.0130268
0.0156875
0.0112809
0.772236
0.0109018
0.0116554
0.0116554
0.0122903
0.0135464
0.987005
0.987005
0.0106576
0.989699
0.984999
0.0294343
0.988431
0.0294343
0.988431
0.0134867
0.0104212
0.0104212
0.0114605
0.0105737
0.0150253
0.989471
0.0194149
0.0102061
0.946776
0.0194149
0.0102061
0.946776
0.0107755
0.424419
0.0123783
0.990103
0.0114258
0.987399
0.990103
0.990038
0.0114258
0.987399
0.990103
0.990038
0.0278162
0.011356
0.0108588
0.986796
0.982343
0.990038
0.010681
0.0105092
0.0104482
0.0383934
0.0223042
0.842179
0.871661
0.0112249
0.0609573
0.986526
0.012942
0.804123
0.0120682
0.810966
0.042513
0.0118225
0.0142242
0.811834
0.0118225
0.0784957
0.0187174
0.0102524
0.9891
0.203464
0.0135276
0.0174571
0.0111135
0.0102648
0.0113921
0.203464
0.971179
0.080956
0.988128
0.0175237
0.1203
0.973061
0.0525861
0.0615108
0.03086
0.0175237
0.0142921
0.0283381
0.261927
0.0265039
0.0114654
0.0145636
0.0137598
0.0173322
0.0125351
0.0154434
0.0112646
0.0106822
0.0291988
0.0155947
0.958789
0.990118
0.989537
0.989972
0.989623
0.990082
0.98978
0.989999
0.989763
0.990116
0.989245
0.989638
0.989493
0.989899
0.990012
0.989541
0.141713
0.0115728
0.0268268
0.0110058
0.0180008
0.0104769
0.0113805
0.0111661
0.0130756
0.0143766
0.0625241
0.0111322
0.013566
0.0286077
0.011997