0.05116177
0.04534934
0.04628622
0.03397452
0.06600375
0.12526274
0.05339928
0.03866291
0.20158054
0.12717676
0.0320561
0.22442737
0.05571916
0.06318461
0.08726106
0.15051168
0.23563805
0.19013935
0.23563805
0.09104463
0.07746867
0.36072522
0.07826977
0.06044719
0.07574036
0.97192311
0.19388306
0.06978923
0.0353718
0.1629615
0.99137551
0.98686731
0.99137551
0.98686731
0.14060019
0.98686731
0.99137551
0.98686731
0.14060019
0.98686731
0.99137551
0.13698263
0.98686731
0.14060019
0.13698263
0.99137551
0.15614831
0.24380213
0.2175391
0.36058369
0.15614831
0.24380213
0.2175391
0.36058369
0.13426213
0.37242714
0.27554336
0.19107217
0.12017356
0.44140601
0.27675426
0.96960109
0.99137551
0.96244508
0.99711382
0.47826776
0.27675426
0.38436395
0.23563805
0.96960109
0.98665851
0.87801993
0.96244508
0.99711382
0.98774976
0.05031227
0.0984442
0.05519026
0.2525658
0.05031227
0.10504418
0.17849769
0.05724384
0.99137551
0.13616683
0.09191693
0.10504418
0.07149863
0.17849769
0.05724384
0.11284311
0.06917922
0.26970226
0.22131404
0.06917922
0.05778039
0.3079707
0.32069039
0.05778039
0.12994227
0.04996959
0.99137551
0.18385442
0.12994227
0.04996959
0.03802811
0.30273831
0.15195385
0.16581921
0.09486954
0.05024016
0.23563805
0.25087169
0.18984903
0.23563805
0.21652642
0.14826755
0.28081334
0.51735675
0.17182265
0.06617652
0.99137551
0.99137551
0.25630587
0.18718377
0.06617652
0.06617652
0.04495808
0.16141701
0.99137551
0.25630587
0.18718377
0.25630587
0.18718377
0.46801203
0.70243734
0.99137551
0.99137551
0.46991292
0.21486041
0.70243734
0.70243734
0.23563805
0.10970023
0.99137551
0.46991292
0.21486041
0.46991292
0.21486041
0.22708932
0.32673961
0.10434499
0.12653713
0.12901714
0.99137551
0.11328676
0.18622385
0.17130668
0.32673961
0.12309409
0.10910437
0.10434499
0.09699664
0.12653713
0.12901714
0.21581656
0.08053362
0.89317447
0.07306568
0.89907914
0.10793427
0.1682035
0.05079475
0.15984938
0.08467221
0.18225265
0.08594509
0.2029541
0.95414525
0.19741875
0.18753758
0.1420144
0.19831277
0.08274552
0.12019112
0.16583416
0.14575574
0.12753657
0.11437198
0.18625633
0.09160049
0.11463027
0.09492403
0.08953453
0.08030748
0.38684383
0.38684383
0.22053421
0.99137551
0.17333315
0.99137551
0.06309695
0.38684383
0.11358643
0.06309695
0.38684383
0.11358643
0.22053421
0.09490638
0.17333315
0.02097285
0.10572492
0.02625598
0.06685144
0.03076063
0.26031473
0.23563805
0.015283
0.28132835
0.12796246
0.04719025
0.13475184
0.07129559
0.15901586
0.07989499
0.16221614
0.16221614
0.16221614
0.17239651
0.15805325
0.99137551
0.99137551
0.31737766
0.99903059
0.99137551
0.31737766
0.99903059
0.31737766
0.99903059
0.68812996
0.31004095
0.12567247
0.0472298
0.05156179
0.02170636
0.05569024
0.08481428
0.23563805
0.0267313
0.68037313
0.07521208
0.188464
0.05745981
0.70577228
0.01391099
0.77101052
0.30028623
0.10714776
0.99137551
0.96865237
0.31603503
0.20490429
0.77101052
0.78757322
0.23445182
0.30028623
0.31245905
0.10714776
0.09730618
0.96865237
0.23563805
0.21598481
0.88784724
0.84094107
0.84094107
0.67919874
0.23563805
0.18466659
0.18466659
0.20732525
0.23563805
0.23563805
0.55186588
0.55186588
0.99137551
0.23563805
0.99137551
0.10128512
0.23563805
0.15895663
0.23563805
0.23563805
0.14227402
0.11702039
0.10128512
0.23563805
0.15895663
0.12377207
0.05104373
0.15176336
0.23563805
0.23563805
0.05173089
0.23563805
0.53994876
0.99137551
0.09730858
0.99137551
0.18580349
0.09730858
0.99137551
0.18580349
0.09730858
0.67756724
0.18580349
0.59941065
0.04631747
0.99137551
0.23563805
0.23563805
0.09961682
0.59941065
0.17843087
0.29893729
0.04631747
0.05612744
0.08054503
0.23563805
0.23563805
0.07169773
0.0781546
0.19663587
0.20206982
0.08857812
0.03322203
0.05534097
0.19463052
0.09035063
0.11104202
0.15049639
0.05488154
0.01442869
0.16348277
0.05066732
0.13298991
0.41163221
0.44466132
0.11086081
0.44466132
0.0664006
0.21698952
0.11814759
0.21698952
0.12055492
0.03335026
0.99137551
0.73108405
0.03335026
0.02547792
0.73108405
0.11593787
0.19441277
0.96244508
0.14331584
0.10047015
0.03892971
0.1256105
0.04153247
0.1174862
0.20966466
0.03761932
0.16893952
0.14978249
0.09493145
0.04686814
0.46476409
0.46476409
0.12052305
0.46476409
0.13046825
0.99137551
0.99963349
0.99137551
0.86669272
0.99963349
0.99137551
0.86669272
0.99963349
0.94793212
0.86669272
0.02235262
0.37651798
0.44815961
0.39259669
0.01984137
0.08987311
0.1582588
0.23660505
0.18446116
0.91637242
0.87702221
0.06490411
0.67392933
0.08243544
0.18261042
0.99050367
0.26582989
0.13114081
0.92422009
0.92422009
0.23563805
0.22991225
0.99831504
0.99831504
0.09721114
0.22538173
0.22538173
0.30861452
0.30861452
0.99137551
0.17748024
0.05274377
0.09968561
0.2192857
0.10107097
0.16517778
0.04792813
0.98678809
0.03438594
0.14557181
0.07950725
0.18918669
0.06440614
0.13136686
0.10478838
0.40802634
0.03099117
0.03134283
0.04956561
0.03829138
0.05016317
0.06250687
0.15916882
0.11096089
0.14275204
0.02055538
0.99137551
0.99137551
0.12497252
0.1717865
0.02055538
0.02055538
0.04443961
0.05694707
0.99137551
0.12497252
0.1717865
0.12497252
0.1717865
0.09386675
0.05824684
0.02732238
0.06222501
0.20578276
0.12153529
0.88074684
0.07671761
0.15015492
0.08707389
0.06817073
0.05896312
0.03526819
0.18330559
0.09678379
0.22027518
0.04345982
0.02089762
0.10180305
0.07965837
0.05441622
0.18476015
0.02476202
0.03506238
0.62112534
0.04298742
0.0521483
0.44861954
0.17849769
0.07149863
0.05724384
0.21844146
0.04338505
0.05961417
0.19513737
0.10131425
0.04789394
0.18282931
0.16477992
0.16064724
0.1084666
0.10961385
0.06404208
0.09320839
0.06062192
0.44166055
0.55385137
0.15854579
0.04682718
0.11839162
0.15887293
0.2252942
0.0864394
0.15522833
0.18770128
0.21941428
0.08796928
0.6926139
0.06782608
0.221781
0.04306903
0.99137551
0.99137551
0.24711071
0.26104337
0.09299774
0.99137551
0.24711071
0.26104337
0.09299774
0.24711071
0.26104337
0.09299774
0.07827125
0.0343383
0.12010232
0.0360842
0.1454497
0.1454497
0.1454497
0.08531045
0.14066193
0.14066193
0.14066193
0.16880253
0.99137551
0.99137551
0.16680923
0.99137551
0.16680923
0.16680923
0.10502461
0.2239482
0.17996334
0.17996334
0.33780986
0.17909878
0.07321123
0.07321123
0.26698467
0.1989423
0.1989423
0.31129843
0.99137551
0.17668277
0.17668277
0.08834516
0.34743914
0.16200727
0.08834516
0.16200727
0.08538464
0.04199895
0.99137551
0.04199895
0.1264506
0.08538464
0.1264506
0.04199895
0.99137551
0.04199895
0.99137551
0.64261204
0.341611
0.99137551
0.95040154
0.64261204
0.341611
0.99137551
0.95040154
0.1350604
0.64261204
0.71788746
0.341611
0.90098417
0.95040154
0.13486777
0.00681742
0.03960498
0.05700935
0.08465681
0.05324118
0.0495657
0.04572801
0.21896574
0.03594744
0.15080853
0.05981845
0.23563805
0.21219449
0.23563805
0.23563805
0.08024404
0.14175193
0.09496599
0.14468366
0.04447389
0.10699989
0.05879985
0.11457216
0.06703511
0.01730507
0.0706478
0.05233408
0.98918879
0.04998331
0.11469086
0.10519299
0.03652873
0.38349676
0.05897495
0.3967005
0.0502763
0.0204617
0.71876538
0.13592154
0.04072661
0.42122164
0.05054844
0.0454538
0.01774511
0.99137551
0.99137551
0.99137551
0.99137551
0.99137551
0.99137551
0.99137551
0.99137551
0.99137551
0.99137551
0.99137551
0.99137551
0.99137551
0.99137551
0.99137551
0.59507996
0.23563537
0.99137551
0.6321274
0.23445182
0.6661216
0.59507996
0.48991391
0.6358729
0.23563537
0.17211983
0.18884844
0.6321274
0.23445182
0.60691458
0.32633159
0.99137551
0.0460119
0.63229233
0.2731896
0.32633159
0.05708171
0.78197962
0.0873628
0.0460119
0.63229233
0.2731896
0.04784358
0.02351951
0.24103944
0.09216731
0.97637606
0.13871673
0.99137551
0.21747488
0.07315627
0.27391222
0.09216731
0.13187255
0.09825134
0.97637606
0.364342
0.13871673
0.14866662
0.21747488
0.85972601
0.01780885
0.26261172
0.26261172
0.26261172
0.01745715
0.95594579
0.95594579
0.95594579
0.04333238
0.04333238
0.04333238
0.99137551
0.99137551
0.99137551
0.12053801
0.18777525
0.03864232
0.25620782
0.03779615
0.21451889
0.12749939
0.11248716
0.04395797
0.23563805
0.28130627
0.05087436
0.16964749
0.23563805
0.02790719
0.09078615
0.08950965
0.0359823
0.11389849
0.10320973
0.11115211
0.0461859
0.23676203
0.1128111
0.0063885
0.04655652
0.14528665
0.05765607
0.07562768
0.05389741
0.99137551
0.60771435
0.80514735
0.99137551
0.80514735
0.60771435
0.80514735
0.99137551
0.80514735
0.22778317
0.60771435
0.22778317
0.80514735
0.99137551
0.80514735
0.05616103
0.03790817
0.06142833
0.04291438
0.04153752
0.23563805
0.40597296
0.11803319
0.17483635
0.23563805
0.09689327
0.83292526
0.11050525
0.17127202
0.05534255
0.06327847
0.04062903
0.99137551
0.07189513
0.18494987
0.41614646
0.06327847
0.09667945
0.0913232
0.04062903
0.08692061
0.05846479
0.07189513
0.18494987
0.11675742
0.35226774
0.99137551
0.05266818
0.32673961
0.35226774
0.07556067
0.23563805
0.05266818
0.32673961
0.47374386
0.99137551
0.65983111
0.65983111
0.99137551
0.99774379
0.65983111
0.65983111
0.99137551
0.99774379
0.99137551
0.65983111
0.51563835
0.65983111
0.51563835
0.99774379
0.27303097
0.02344131
0.01319652
0.88437468
0.02888505
0.10131898
0.00680958
0.64393443
0.02965766
0.03234665
0.03965551
0.12334919
0.01584361
0.17174552
0.03822964
0.22217198
0.09711322
0.1027357
0.05420543
0.07926571
0.23563805
0.14709119
0.33270779
0.14258739
0.08275621
0.23563805
0.39128146
0.13129872
0.12205807
0.21675333
0.11515482
0.05139461
0.34618664
0.23487711
0.29628384
0.85286742
0.09675115
0.09542277
0.92599595
0.10516738
0.19685847
0.4048588
0.23563805
0.2316803
0.19407628
0.36120045
0.95100635
0.20324385
0.36120045
0.94443464
0.52282155
0.36372787
0.99137551
0.85446346
0.35083312
0.52282155
0.86153293
0.36372787
0.12956139
0.85446346
0.1374985
0.07350968
0.12696277
0.11540769
0.10263915
0.12528808
0.08720452
0.23322009
0.08260775
0.53685075
0.15704173
0.24649794
0.24179958
0.24688928
0.11798377
0.32053986
0.99877155
0.31510094
0.99137551
0.82756877
0.42788211
0.28057098
0.32053986
0.22385682
0.6926139
0.99877155
0.94172472
0.31510094
0.29430822
0.82756877
0.06730733
0.09347654
0.02989447
0.01836001
0.05377924
0.10967453
0.21144125
0.10530004
0.1364101
0.06257534
0.02989553
0.04485981
0.19960786
0.11045609
0.19031082
0.05083891
0.08566807
0.57381517
0.19513912
0.04192686
0.06361551
0.11761013
0.1270798
0.15560929
0.15724753
0.11822146
0.18847622
0.20326611
0.14511234
0.1571039
0.12531617
0.10517167
0.14004877
0.12531617
0.13414218
0.85091633
0.820566
0.99137551
0.01945394
0.97765857
0.85091633
0.0228641
0.820566
0.03490049
0.01945394
0.21285078
0.56768364
0.19351019
0.17141828
0.18692732
0.07747058
0.20791817
0.07949709
0.04591621
0.26516455
0.11851689
0.08135111
0.78657877
0.20163734
0.08050348
0.01965583
0.08302968
0.01980641
0.95449728
0.03142095
0.07420368
0.0255676
0.01981659
0.0194024
0.0295915
0.09551354
0.02542401
0.02217378
0.05120321
0.01933757
0.10002081
0.59594303
0.10002081
0.07358941
0.10002081
0.10539828
0.99137551
0.07691018
0.99137551
0.10539828
0.22849312
0.10539828
0.07691018
0.99137551
0.07691018
0.12992762
0.0390678
0.05255111
0.04051213
0.0683488
0.03708422
0.06064226
0.04991525
0.07437959
0.06516641
0.18143927
0.01859369
0.15916882
0.03829138
0.05016317
0.10308257
0.23563805
0.15129009
0.03680493
0.02981933
0.3579863
0.20864643
0.07497401
0.16009389
0.09101485
0.10204466
0.04909109
0.08648428
0.06998956
0.04089831
0.05907156
0.06702461
0.21121028
0.08595197
0.17703258
0.05083891
0.08566807
0.09196618
0.3355231
0.06361551
0.34079504
0.15957439
0.12421843
0.14660844
0.24769604
0.99137551
0.99137551
0.98961592
0.98961592
0.08389705
0.99137551
0.98961592
0.98961592
0.08389705
0.98961592
0.98961592
0.08389705
0.99137551
0.07965503
0.07965503
0.07012233
0.06541705
0.06752843
0.09810877
0.13912514
0.09558145
0.12286716
0.09128202
0.16430493
0.12403549
0.18716611
0.17164415
0.99137551
0.04232081
0.05528349
0.40597296
0.18716611
0.13039704
0.25558138
0.17164415
0.10886418
0.23563805
0.04232081
0.05528349
0.04589951
0.01740521
0.76298332
0.03516329
0.10559722
0.02469117
0.01477685
0.0089073
0.03937619
0.16102839
0.01712561
0.26629055
0.30000192
0.11620496
0.10030907
0.0516035
0.44619605
0.23563805
0.13251604
0.10002644
0.25837687
0.69946367
0.17482239
0.25163734
0.13672499
0.10358604
0.17650789
0.36353213
0.23563805
0.23563805
0.15215892
0.1083755
0.19784047
0.19784047
0.38996109
0.16937108
0.16937108
0.10493209
0.99137551
0.34747434
0.34747434
0.07605239
0.11875088
0.13995962
0.14473623
0.13995962
0.09132975
0.08441991
0.11374424
0.08441991
0.97759688
0.13678409
0.97759688
0.17658475
0.99137551
0.17658475
0.18344623
0.09669917
0.05758316
0.02122211
0.71430373
0.09916067
0.03761284
0.0295201
0.20293957
0.14313915
0.01124598
0.17352171
0.01607323
0.08249573
0.02101305
0.07433092
0.06798995
0.02595523
0.07259022
0.27541816
0.20765524
0.41400123
0.24224287
0.20618707
0.13061051
0.29245225
0.0660423
0.12591974
0.05486247
0.1653053
0.66592383
0.12864731
0.12570782
0.12192777
0.05819543
0.17724523
0.06105091
0.05435655
0.07304491
0.10548738
0.07661138
0.21989436
0.19716977
0.16247714
0.17636111
0.07238147
0.14820252
0.12122263
0.07456285
0.21749802
0.15516302
0.30581456
0.18953626
0.18993174
0.10649295
0.11757661
0.09250144
0.60109144
0.73360902
0.28682825
0.57912731
0.10267877
0.09339189
0.2073961
0.57912731
0.04331951
0.09973437
0.40138209
0.99137551
0.06289106
0.07666709
0.04331951
0.09427263
0.09973437
0.40138209
0.1641285
0.13059552
0.14680354
0.29115355
0.14680354
0.14756843
0.20188624
0.16271871
0.20188624
0.23422918
0.22004327
0.23422918
0.18306963
0.99137551
0.18306963
0.05856411
0.12219388
0.24018107
0.38566849
0.11094803
0.07820959
0.08559056
0.08771719
0.5556733
0.10416448
0.08279705
0.06229939
0.17996334
0.10379338
0.08022764
0.99137551
0.25389114
0.25389114
0.05981845
0.31933817
0.23563805
0.99137551
0.06353332
0.15561144
0.05981845
0.19715305
0.31933817
0.23563805
0.11788287
0.1134522
0.32673961
0.32673961
0.05110431
0.5912624
0.22792158
0.22792158
0.19823755
0.3635658
0.3635658
0.17941454
0.99137551
0.10994072
0.10994072
0.07344443
0.0552705
0.08870979
0.23563805
0.99137551
0.98961592
0.57927221
0.06787666
0.07344443
0.451711
0.06461522
0.0552705
0.09774536
0.08870979
0.23563805
0.23717542
0.99137551
0.36567822
0.16853189
0.23620528
0.23717542
0.19810824
0.05711272
0.069384
0.36567822
0.16853189
0.23620528
0.18930244
0.22404034
0.34311303
0.49004883
0.07935352
0.49004883
0.32216969
0.46908543
0.17121506
0.99137551
0.95029187
0.99094516
0.17121506
0.17699254
0.17389561
0.95029187
0.99094516
0.94791913
0.98961592
0.98961592
0.26489228
0.32189259
0.11571331
0.99137551
0.4983643
0.19728252
0.14943181
0.4983643
0.19728252
0.14943181
0.23145396
0.13227117
0.19966803
0.15581904
0.23563805
0.23563805
0.1248656
0.23563805
0.1583524
0.1583524
0.04970356
0.41399005
0.99137551
0.13285658
0.20766294
0.13285658
0.20766294
0.10784879
0.07126197
0.07126197
0.16577029
0.00716708
0.02149181
0.99137551
0.05425918
0.07981209
0.15076829
0.05425918
0.07981209
0.15076829
0.0231926
0.07894234
0.09671471
0.99137551
0.17300655
0.86137849
0.99137551
0.67805463
0.17300655
0.86137849
0.99137551
0.67805463
0.74479121
0.17300655
0.06483386
0.86137849
0.14707759
0.67805463
0.23563805
0.1548489
0.15054208
0.09324303
0.22257607
0.23563805
0.23563805
0.15040822
0.21585406
0.99877155
0.23563805
0.23563805
0.18783368
0.23563805
0.07810973
0.05608351
0.16819525
0.97355515
0.05608351
0.53400993
0.07913673
0.04666147
0.99137551
0.14148121
0.11074383
0.07913673
0.29752097
0.04666147
0.56785774
0.14148121
0.88246149
0.12337645
0.99137551
0.39699507
0.03234533
0.88246149
0.32017246
0.12337645
0.26716271
0.39699507
0.04214443
0.07140035
0.07529185
0.07954872
0.08293099
0.10291652
0.15056685
0.13954626
0.1239965
0.07083056
0.68521291
0.78960991
0.08501403
0.09946154
0.39572707
0.99137551
0.92824626
0.97080231
0.75993013
0.99137551
0.92824626
0.97080231
0.75993013
0.99137551
0.97914797
0.80502868
0.92824626
0.93779993
0.97080231
0.75993013
0.23360355
0.04084024
0.20831606
0.06640714
0.20123345
0.02192649
0.1558845
0.07455716
0.11931856
0.0076302
0.04185454
0.01290052
0.03737326
0.23563805
0.05187766