-0.891122223
-0.895077335
-0.885622217
-0.656998985
-0.990567212
-0.196398314
-0.946122433
-0.814407847
-0.384566797
-0.950417897
-0.8177166
-0.405572467
0.08264327
-0.995377231
-0.847024116
-0.766444116
-0.687392856
-0.392718302
-0.638847037
-0.757270713
-0.895453611
-0.103717066
-0.03258848
-1.0079926
-0.245041199
0.170466162
-0.944483049
-0.416173613
-0.548923746
-0.743301892
1.311058414
0.78831256
0.891451936
0.78831256
-0.551678734
0.78831256
0.891451936
0.78831256
-0.551678734
1.237688478
2.423666086
-0.903292587
1.237688478
-0.903292587
-0.903292587
-0.625760157
-0.620374544
-0.338771406
-0.530089359
-0.620374544
-0.620374544
-0.338771406
-0.530089359
-0.620374544
-0.426476898
-0.790629458
-0.964148696
-0.637022243
-0.426476898
0.35266076
-0.297741156
1.642820864
2.325993022
0.331864643
0.413772905
-0.440840338
-0.297741156
-0.226812292
-0.809806672
1.642820864
0.161174691
-0.070703164
0.331864643
0.413772905
-0.232048871
-0.469929681
-0.456424524
-0.467366502
-0.198192062
-0.469929681
-0.863258976
-0.726142815
-0.757270713
1.484888765
-0.869078741
-0.671932334
-0.863258976
-0.731877774
-0.726142815
-0.757270713
-0.757563596
-0.676009847
-0.809806672
-0.734591932
-0.676009847
-0.676009847
0.831208579
-0.734591932
-0.676009847
-0.970926503
-0.712976344
0.527610486
-0.932135321
-0.970926503
-0.712976344
-0.757563596
0.428161697
-0.757563596
-0.72291934
-0.809806672
-0.702383919
-0.757563596
-0.72291934
-0.809806672
-0.702383919
-0.943923
-1.003472619
-0.72291934
-1.142592651
-0.775302741
-0.757563596
1.403235712
-0.474916582
-0.757382983
-0.757270713
-0.757563596
-0.757563596
-0.757382983
-0.757270713
-0.474916582
-0.757382983
-0.757270713
-0.757382983
0.165611457
-1.005000563
2.041587875
4.567242307
4.567242307
1.733899422
-0.757563596
2.041587875
2.041587875
-0.334569185
-0.338771406
4.567242307
1.733899422
-0.757563596
1.733899422
-0.757563596
-0.761013081
-0.620943089
-0.631154816
-0.051685589
-1.048357216
-0.149981687
-0.620000157
-0.618476719
-0.622682429
-0.620943089
-0.85951094
-0.651979168
-0.631154816
-1.143017312
-0.388126138
-1.048357216
-0.658322661
-0.91693697
1.528216108
-0.946513883
1.092124496
-1.143819702
-0.817729443
-0.505688018
-0.840164701
-0.814407847
-0.855914396
-0.790888713
-0.789969115
1.755206258
-0.796781709
-0.618476719
-0.391660459
-0.618476719
-1.010530227
-0.903887772
-0.600157999
-0.63135695
0.303477669
-0.627741726
-0.600157999
-0.346988555
-0.363613742
-0.626751109
-0.627741726
-1.099327069
-0.757563596
-0.757563596
-0.79218929
0.892262564
-0.560432318
0.899534732
-0.79218929
-0.757563596
-0.638191385
-0.79218929
-0.757563596
-0.638191385
-0.79218929
-0.800653933
-0.560432318
-0.992899244
-0.322036192
-0.834823006
-0.729611014
-1.060336246
-0.812264032
-0.812264032
-0.761486677
-1.146058455
-0.745907687
-0.830602538
-0.757270713
-0.830602538
-0.757270713
-1.146787618
-0.629363226
-0.629363226
-0.629363226
-0.629363226
-0.629363226
1.684421374
1.684421374
-0.63135695
-0.63135695
1.684421374
-0.63135695
-0.63135695
-0.63135695
-0.63135695
-0.63135695
-0.644544926
-0.671932334
-0.757563596
-0.337512118
-0.810316991
-0.945288888
-0.783125354
-0.074110431
-0.97931972
0.445009701
-0.509891274
-0.424766143
-0.209434459
0.192562995
0.401981181
0.609060002
-0.373819898
-0.756011494
0.830499232
1.002125004
-0.354734596
-0.789563779
0.609060002
0.7285263
0.989355343
-0.373819898
-0.391453731
-0.756011494
-0.738367919
1.002125004
-0.326575224
-0.809806672
0.186819798
0.282744622
0.282744622
-0.686099812
-0.722794557
-0.812304888
-0.812304888
-0.926212295
0.316428736
0.316428736
0.036615426
0.036615426
2.534931751
0.215449127
0.939309872
-0.810041472
-0.821181262
-0.725374784
0.215449127
0.17493054
-1.007463112
-1.018137383
-0.810041472
-0.821181262
-0.725374784
-0.955220585
-0.926129954
-0.903971106
-0.624794008
-0.624794008
-0.624794008
-0.624794008
-0.626815649
1.254850869
-0.757563596
1.254850869
-0.775170883
-0.757563596
1.254850869
-0.775170883
-0.757563596
0.381505532
-0.775170883
0.316965925
-0.840127217
-0.092892001
-0.557005286
-0.809225893
-0.982379567
0.592578941
-0.01402708
-0.510115445
-0.996057515
-0.215046563
-0.850805274
-0.598654421
-0.602965935
-0.800885652
-1.152774917
-0.919283238
-1.173290301
-1.001980309
-0.189805788
-1.090381441
-1.118775243
-1.02208717
-1.007724959
-0.832693277
-0.91423294
-1.000076752
-1.042602554
-1.057700946
-0.847729155
-0.900488631
-0.908649236
-0.413678528
-0.68576149
-0.605052426
-0.893836097
-0.925301641
-0.802040977
-0.837960058
-1.069327531
-0.058688358
-0.19274547
-0.787381666
-0.98663542
-0.132582846
-0.639484169
-0.115674152
-0.367134666
-0.273833193
-0.341503147
-0.843056756
-0.757563596
-0.806866718
-0.722881887
-0.843056756
-0.633584635
-0.420724181
-0.6722822
-0.722881887
-0.997507826
-0.399161727
-0.399161727
-0.99706366
-0.399161727
-0.99706366
2.330460662
0.906562743
2.330460662
0.906562743
0.906562743
2.330460662
0.906562743
0.906562743
0.562904161
0.906562743
-0.787310354
0.404139611
-0.900264751
-0.447833931
-0.594383662
-0.984224329
-1.083730831
-1.0858396
-0.838920769
-0.977370889
0.471564622
-0.317437123
0.630329533
-0.880648845
-0.79483167
-0.357608663
-0.297741156
-0.424701795
-0.306813494
0.976614701
-0.809806672
-0.687381911
-0.215142449
1.137260984
-0.970145477
-0.288162632
-0.297741156
-0.278680732
-0.424701795
0.682930633
-0.773236102
-0.765383791
-0.621047857
-0.809806672
-0.769774648
-1.006338452
-0.905481903
0.486381119
-0.2021564
-0.850388006
-1.057457368
-0.693854279
-0.934064561
-0.422941158
-0.838930962
0.894178731
-0.984082711
-0.641483683
-0.641483683
-0.787864857
-0.757563596
-0.757563596
-0.684928779
-0.787864857
-0.54060535
-0.619152371
0.351184139
0.351184139
-0.621438374
-0.625671796
-0.619152371
-0.619152371
-0.622618177
-0.868395164
0.351184139
-0.621438374
-0.625671796
-0.621438374
-0.625671796
-0.791013783
-1.086828658
-1.07798793
-1.119433196
-1.030125989
-0.874056163
-1.034054884
-1.149004096
-1.085586886
-0.792718943
-1.124750588
-1.061333378
-0.837804281
-1.053004287
-0.823013107
-0.740955424
-0.747132653
-0.742575536
-0.731877774
-0.757270713
-0.757563596
-0.280731135
-1.194785857
-1.167384095
0.844942607
-1.143558767
-1.101717409
0.23977477
-0.726142815
-0.731877774
-0.757270713
-0.754475057
-1.103968576
-1.011597806
-0.592018505
-0.757538409
-0.916505811
-0.365227232
-0.711952214
-0.648901496
-1.038612764
-1.279700375
-0.720675003
-1.037446832
-0.809806672
-0.750127777
-0.158144262
-0.710445104
-0.89399185
-0.710445104
-0.710445104
-0.682386345
-0.888815015
-0.682386345
-0.682386345
-0.783409332
-0.757563596
0.873189229
-0.958069525
-0.783409332
-0.757563596
1.712632075
1.712632075
0.219441394
0.211383169
-0.427387861
1.712632075
0.219441394
0.211383169
-0.427387861
0.219441394
0.211383169
-0.427387861
-0.957164417
-1.072283696
0.129759239
-0.658672635
-0.620943089
-0.620943089
-0.620943089
-0.925669555
-0.624794008
-0.624794008
-0.624794008
-0.776466381
-0.207759897
-0.207759897
-0.626406091
-0.207759897
-0.626406091
-0.626406091
-0.625999098
-0.625335252
-0.620943089
-0.620943089
-0.625335252
-0.951931696
-0.912502919
-0.912502919
-0.951931696
-0.900960355
-0.900960355
-0.940149131
0.402011429
-0.900960355
-0.900960355
-0.676009847
-0.129503706
-0.153518573
-0.676009847
-0.153518573
-0.754938178
-0.671932334
1.46035933
-0.671932334
-0.644715848
-0.754938178
-0.644715848
-0.671932334
0.012852409
-0.671932334
1.335294187
0.416123772
-0.358885145
0.883803566
-0.358885145
0.416123772
-0.358885145
0.883803566
-0.358885145
0.067287473
1.111080742
0.067287473
-0.757563596
0.816083436
-0.757563596
-0.014944297
-1.00448721
-1.005122755
-0.965596929
-0.62485397
0.038303302
-1.018643175
-0.978539699
-0.621438374
-0.354535434
-0.148579343
0.282660045
0.081375988
0.28855917
0.291109534
-0.647721084
-0.673093418
-0.70579458
-0.708258423
-0.687305165
-0.173885944
-0.920368814
0.069490264
-1.169618422
-1.112726556
-1.049570534
-1.176149038
-0.971528004
1.300340102
-1.03400545
-0.651189893
-0.757270713
-0.757563596
-0.948794888
-0.757563596
-0.353545107
-0.651189893
-0.765914121
-0.651189893
-0.757270713
-1.017783986
-0.757270713
-1.008586046
-0.757563596
-0.815204615
2.448584221
2.448584221
2.448584221
2.448584221
2.448584221
2.448584221
2.448584221
2.448584221
2.448584221
2.448584221
2.448584221
2.448584221
2.448584221
2.448584221
2.448584221
0.216755084
-0.757563596
-0.305881397
-0.622092185
-0.338771406
-0.757563596
-0.757563596
-0.622092185
-0.338771406
1.298028963
0.520088967
2.463276341
0.520088967
2.463276341
1.509146735
-0.757563596
0.946517865
-0.249725785
0.454535045
0.209846496
-0.757563596
-0.785575929
-0.809806672
-0.412517834
-0.249725785
0.454535045
0.209846496
-0.074698034
-0.823209451
-0.483398843
-0.299976852
-0.096272558
-0.623018573
1.565565802
-0.624794008
-0.299976852
-0.792681913
-0.299976852
-0.625558951
-0.623018573
-0.096272558
-0.624794008
-0.623018573
-0.629581515
-0.624794008
-0.815204615
-0.772382219
-0.809806672
-0.200734249
-0.809806672
-0.7917021
-0.947156808
-0.527259982
-0.947156808
-0.784694422
-0.84345524
-0.784694422
0.857138845
0.933910195
0.857138845
-0.594118811
-0.26116709
-1.228647559
-0.130374819
-0.798168438
-0.102279256
-1.077811607
-0.961297443
-0.816049011
-0.906602381
-0.671932334
-0.757563596
-0.860180716
-0.756236517
-0.671932334
-0.637305956
-0.638335645
-0.63989291
0.483183424
-0.616701285
-0.470614073
-0.903049474
1.31595537
-0.099893371
-1.069065145
-0.638335645
0.2378599
-0.63989291
-0.573380178
-0.616701285
0.735442982
-0.53650883
0.510991314
0.735442982
0.510991314
-0.53650883
0.510991314
0.735442982
0.510991314
-0.12480969
-0.53650883
-0.12480969
0.510991314
0.555898997
0.510991314
-0.757563596
-0.696750605
-0.757563596
-0.788310499
-0.814407847
0.803616298
0.054468622
-0.788310499
-0.814407847
-0.132910058
-0.953519839
-0.609380495
-0.788310499
-0.814407847
-1.025691152
-0.585742668
-0.690831396
0.490861761
-0.690831396
0.313208954
-0.690831396
-0.585742668
-0.690831396
-0.687381911
-0.690831396
-0.764462567
-0.761013081
-0.690831396
0.313208954
-0.761013081
-0.704831882
0.402011429
0.138870184
-0.620943089
-0.704831882
-1.204616962
-0.620960143
0.138870184
-0.620943089
0.555355071
0.994773216
-0.624794008
1.698037306
0.994773216
0.94647402
-0.624794008
1.698037306
0.994773216
0.94647402
-0.63135695
-0.624794008
-0.624794008
1.698037306
1.698037306
0.94647402
-0.908368303
-0.915740941
-0.584982156
0.684750943
-0.585157395
-0.756738016
-0.716991033
-0.915653504
-0.716904424
-0.573910474
-0.332643158
-0.455450972
-0.36168309
0.074247078
-0.588782759
-0.743854682
-0.994112318
-0.743854682
-0.622920664
-0.819730542
-0.598790451
-0.757563596
-0.624794008
-0.744291826
-0.803862497
-0.621899068
-0.079775806
-0.624794008
-0.744291826
-0.62013145
-0.757270713
-0.779636608
-0.046067916
-0.809806672
-0.810981629
-0.887740096
-0.951193138
-1.010776308
-0.609200634
-0.893363333
-1.076163053
-0.975185663
-0.178071602
-1.095089614
-1.124826989
-0.07257838
0.149258359
1.07545649
-0.07257838
1.24262012
-0.761013081
-0.338771406
1.362444788
-0.08971475
1.845008206
-0.761013081
-0.761013081
-0.338771406
-0.338771406
-0.08971475
-0.809806672
-1.001019797
-0.956002574
-1.036182685
-1.171981852
-0.70206041
-0.165487947
-0.743818996
-0.809806672
-0.648228874
-1.056700044
-0.568699756
-0.977743371
-0.551171945
-1.036182685
0.628805325
-0.358885145
-0.358885145
1.347639411
-0.344939937
0.593863534
0.593863534
0.628805325
-1.118846892
0.873189229
-0.358885145
-0.775170883
-0.358885145
-0.775170883
-0.344939937
-0.757563596
-0.809806672
-0.809806672
-0.658672635
-0.757563596
-0.809806672
-0.412113532
-0.658672635
-0.757563596
-0.643162875
-0.900960355
-0.809806672
-0.900960355
-0.809806672
-0.658672635
-0.784801518
-0.809806672
-0.720303028
-0.814668328
-0.640068504
-0.982009136
-1.033596547
-0.988320598
-0.845597024
-0.32916583
-0.946460593
-0.807328306
-0.923681953
-0.880797475
-0.868154528
-0.126246564
-0.492653635
-0.49334075
-0.126246564
-0.166733665
0.405096903
-0.008388798
1.035942914
-0.676009847
-0.327919493
0.405096903
-0.672098439
-0.008388798
-0.671932334
-0.676009847
-0.596521136
-0.895045704
-0.665231375
-0.838218582
-0.895262057
-0.832962315
-0.569612435
-0.982401531
-0.909785062
0.787452479
-0.820080757
-0.754791657
-0.465513215
-0.770566839
-0.840054449
-0.951024658
-0.938149984
-0.934664536
0.264357165
-0.609231871
-0.896883704
-0.498665644
-0.89532737
-0.608743192
-0.823765409
-0.954842889
-0.614617258
-1.023324609
-0.764800438
-0.621485193
-1.030220848
-0.778578369
-1.030220848
-0.809806672
-1.030220848
-0.933252467
0.885360656
-0.956848048
0.885360656
-0.933252467
0.303779624
-0.933252467
-0.956848048
0.885360656
-0.956848048
0.43337617
-1.065347346
-1.117532553
-0.737446119
-0.737446119
-1.038755959
-1.111103223
-0.748822333
-0.748822333
-1.092956491
-0.785980002
-0.785980002
-0.684928779
-0.787864857
-0.757563596
-0.764959902
-0.755829478
-0.646243343
-0.795821824
-0.921056735
-0.748433173
-0.638847037
-0.788425518
-0.811203018
-0.721335986
-1.139623399
0.385889874
-0.794269206
-0.78367912
-1.17488907
-0.640805999
-0.998090587
-0.729237565
-0.635618343
-0.869002071
-0.782141199
-0.814407847
-0.426476898
-0.736346758
-0.44884568
-0.766541752
-0.730623993
-0.663480764
-0.481586669
-0.744185374
1.45712071
1.45712071
0.868574769
0.868574769
-0.755919447
1.45712071
0.868574769
0.868574769
-0.755919447
0.868574769
0.868574769
-0.755919447
1.407613315
-0.755919447
-0.755919447
-0.017049896
-0.749303865
-0.614723414
-0.97784093
-0.749303865
-0.614723414
-0.97784093
-0.805041021
-0.379766818
-0.779543135
-0.757563596
-0.757563596
-0.121713166
-0.703505628
-0.757563596
-0.23212107
-0.757563596
-0.703505628
-0.757563596
-0.757563596
-0.703505628
-0.757563596
-0.703505628
-0.757563596
-0.703505628
-0.652847864
1.30710529
-0.65330488
-0.157708206
-1.132076775
-0.960075885
-0.906651376
-0.91559733
0.795004872
-0.844413417
-0.619969142
-0.617823951
-0.600157999
-0.618476719
-0.626603531
-0.503808975
-0.437371814
-0.203931819
-0.927032792
-0.417720605
-0.051870861
-0.975124499
-0.410497715
-0.282501971
-0.977149822
-0.418971891
-0.628290587
-0.630066022
-0.630066022
-0.607996637
-0.619450913
-0.621226348
-0.621226348
-0.679141414
-0.629581515
-0.629581515
-0.658206722
0.510208376
0.141352203
0.141352203
-0.986515249
-0.60797952
-0.882165482
-0.629363226
-0.882165482
-0.420433071
-0.781733213
-0.398100807
-0.781733213
-0.427294624
-0.314202139
-0.427294624
-0.349435645
0.847751204
-0.349435645
-0.922056632
-1.020657813
-0.711285656
-0.873243609
0.359007762
-1.02092079
-0.687381911
-1.015377566
-0.624073958
-0.786303393
-1.033436749
-0.885519459
-0.752341628
-0.622092185
-0.801029051
-0.640068504
-0.809806672
-0.639779613
-0.757563596
-0.717807175
-0.784468246
-0.49513346
-0.640068504
-0.705889968
-0.784582126
-0.633247033
-1.051020611
-0.639779613
-0.706003848
-0.717807175
-0.736346758
-0.736346758
-0.944882391
-0.374848645
-0.865714046
-0.964148696
-0.815502738
-0.338771406
-0.805811147
-0.815502738
-0.338771406
-0.565734201
-0.328608444
-0.922491613
-0.308477603
-0.492472737
-0.86285967
-1.047455624
-1.027035197
-0.733948876
-0.008388798
-0.973327143
-0.908396151
-0.679459332
-0.954781016
-0.869132271
-0.675381819
-0.919812258
-0.814936711
-0.699802571
0.503578891
-0.739299036
-0.671932334
-0.757563596
0.503578891
-0.414176957
-0.280415723
-0.392718302
1.035639962
-0.700879598
-0.739299036
-0.414176957
-0.671932334
-0.280415723
-0.392718302
-0.664166717
-0.422670741
-0.624794008
-0.426476898
-0.624794008
-0.813256157
-0.625335252
0.651055899
-0.625335252
-0.625190073
-0.761013081
-0.625190073
-0.624794008
-0.63135695
-0.624794008
-0.564709182
-0.653316496
-0.629581515
-0.647339086
-0.507587996
-1.048834647
-0.625771399
-0.908543815
-0.922220272
-0.620540949
0.25753071
-0.184210257
-0.620943089
-0.620069405
-0.385687137
1.709135592
1.009226111
1.009226111
-0.207986738
-0.624794008
-0.190963522
-0.63135695
-0.835549358
0.131803306
-0.624744559
-0.814407847
-0.534652984
-0.625671796
-0.622216656
-0.6178099
-0.620943089
-0.620943089
-0.622216656
-0.758528641
0.016973669
0.016973669
-0.502295793
-0.184945342
-0.184945342
-0.758528641
0.735442982
0.016973669
0.016973669
-0.624794008
-0.624794008
-0.629363226
0.221353223
0.62870398
0.621649606
0.576325627
-0.734591932
-0.624794008
0.704915073
-0.734591932
-0.624794008
-0.882165482
-0.629363226
0.221353223
1.014582391
2.448584221
0.365134761
-0.761013081
-0.624794008
1.014582391
0.11923684
-0.810533516
-0.62513611
0.365134761
-0.761013081
-0.624794008
-0.690873658
2.982597679
-0.625190073
0.142445044
-0.570535105
0.222211463
-0.595284887
-0.129059929
-0.202916218
0.422403998
-0.399727758
0.109414683
-0.453057537
-0.453052135
0.528591802
-0.256088836
0.631638673
-0.324573922
0.809379036
0.809379036
-0.338771406
0.809379036
-0.624794008
0.981538789
0.88831908
0.809379036
-0.624794008
0.88831908
0.809379036
-0.624794008
-0.338771406
-0.600157999
-0.624794008
-0.924158088
-0.899214487
-0.899214487
-0.970145477
-0.900179761
0.863657776
0.863657776
0.157926388
0.759356095
0.585494805
0.085160758
0.153126722
0.085160758
0.153126722
-0.207420996
-0.75041033
-0.75041033
-1.083587562
-0.745677908
-1.063145012
0.836874345
-0.773335089
-0.78808536
-0.75585946
-0.773335089
-0.78808536
-0.75585946
-1.149296334
-1.116633267
-1.127115146
2.957658217
-0.809806672
1.422672112
2.957658217
1.286817439
-0.809806672
1.422672112
2.957658217
1.286817439
-0.734591932
-0.809806672
-0.746064405
1.422672112
-0.557275435
1.286817439
-0.773403107
-0.757563596
-0.757563596
-0.757563596
-0.586845716
-0.773403107
-0.487765797
-0.773403107
-0.668102695
0.931322292
-0.757563596
0.190420451
-0.757563596
1.403633377
-0.74380805
0.150614487
-0.49763333
-0.365765575
0.150614487
-0.886531317
0.309833195
-0.662803745
1.135370342
-0.537702868
-0.717025287
0.309833195
-0.710984803
-0.662803745
-0.977479831
-0.537702868
1.873920838
-0.625352426
3.583169995
-0.624794008
-1.022202485
1.873920838
-0.789266486
-0.625352426
-0.810041472
-0.624794008
-0.568235845
-0.469173091
-0.606135789
-0.681146995
-0.606135789
-0.802306766
-0.925286708
-1.083050085
-0.966413722
-0.809806672
-0.844230238
-0.809806672
-0.453890059
-0.261313723
2.096046164
1.123978998
3.381614258
1.0144011
2.721553139
3.837183943
0.811118687
-0.48055236
0.445325957
1.123978998
0.969825178
1.91211263
3.381614258
0.663004844
1.0144011
2.721553139
-0.757563596
-0.664444198
-0.730623084
-0.757563596
-0.663435117
-0.664444198
-0.730623084
-0.757563596
-0.663435117
-0.61899351
-0.664444198
-0.699521441
-0.730623084
-0.200934931
-0.663435117